Id,Category
NjUzNjkxMTk0MzI5NDYwNTA2NA==,0
LTcxNTE1MDY1Mjc5NzMxMTExNDI=,0
NTMyNTQxODcwODc5MjU2NDk4NA==,0
LTY0NjAxNjcyNTUyNDI5Mzc2MTE=,0
NTgzMjc4Mzk0MjQwMzYyMjA1NQ==,0
Njc2NzY2MjEzMzM5MzE4Mjk3NA==,0
MTU0NjY0MTcwODkxNjg1MDIyMg==,0
LTMyOTEzNzIzNzA1Mzk4NzE3OTY=,0
LTgzOTc1MDU4OTg2MjUzOTg1Mw==,0
LTc3NzAzMjA5ODk0ODc0OTQyNDI=,0
LTEyMDkxNTQ3NjM5NDQ2NjU4Mjg=,0
NzY2MjA3ODQ0ODY5MTA3NjgwNw==,0
MTY2MDM5NzQ4NTYyMDU5MDcxNA==,0
LTI1MDg4MjYzNzYxMjY5NTM2NjI=,0
NjM1ODg0Nzc0ODA4OTM2NTU3MA==,0
MjI3OTQxMzQyNzQyNzUxMjg2MA==,0
LTc2MjMwNzM2OTM0NDg3NzM1Njk=,0
LTI5NzY1NDY3MjQ3ODI3NjM5MzQ=,0
LTc2MzM0MTA1MjQzOTA3ODI2MTI=,0
NjIyOTQ3MTMyOTk4OTQyNDg3Mw==,0
LTQ1NDc0MzE1MzIxOTU0NzYwMzg=,0
LTI0MzIxNDQyNTM4NzE5OTQyODY=,0
LTYwNDg4ODkxNjEwNDY2MzYxNzc=,0
NDA4OTA5MTMwMTI5MjM1MTYwMQ==,0
LTI4NzIyOTQ5NjcwNzQ1MTY4NjE=,0
MjczNzYyMDAwNzE3MTE1MjM4Nw==,0
LTExMDc1NjQ3NTM1ODg4MjcyNTk=,0
NTEwOTQ0MDc2MzM3MTk0MDkyNQ==,0
LTkwMzQ5MjgyNTE4NDQzNjk3Njc=,0
LTE0MDI0OTk2MzE2ODk4MDcxMDg=,0
LTU1MTkzMzEzNzc2MjIwNjMxMA==,0
LTM4MDg2MzQ5NzUxNDIwMzcxMzE=,0
LTI3NDI5OTA5NDkwMDQ1MjUwNg==,0
LTg0ODc5MTIzNTM3MjgyMzYyMzM=,0
NzQ3NzE5MTIzNzUzNDgyOTEyNg==,0
LTI1NjA3ODc0MzQ0MzUwNTAxNzI=,0
LTYzNzQyOTMyNzE1NzYwOTc5NzM=,0
MzE5NTA4MTIyOTUzMDc1OTI3MQ==,0
NjEyMzg3Mjk4Mzc5ODkyMjkyOA==,0
LTYwODM1MzQxOTUzMTQyNzcwMDg=,0
LTg3MDYwMjYxNjE4Njk2MjE4Njg=,0
LTMxMDcwOTMwODk1NDYyNTkxNTU=,0
LTgxNTYyMTA0MDg4Mjc0MTEwMDY=,0
NDUyNzU0Njg0MTYxMDg3MTUz,0
LTc4NTczMjA0MzU4MDM1NjQ4MzY=,0
ODQ0MTA5NzA4NTIxNjg3MDAxNA==,0
LTQwNTc1NDExMjQ5MTM5NzAwNTc=,0
MjYxNTQ2Mjc3Njc1NTY1NzQ4MQ==,0
MTIyNTM5MTM2NjQ5OTE1NjY3NQ==,0
LTUwOTQxMjYzNDg3MzAxMTU1MTI=,0
NDY3ODk1MTIxNDIyMzQzNzk3OA==,0
MzUwODg4NjI1NzIyMDU3MTgwOQ==,0
NTM3NTQyMjczNDg0MzIwNDkyMA==,0
LTg3OTY0NjQ2MDI0MzM2NTE0MTg=,0
LTE2NzAwMTc4NDQyODE1MTUyOTU=,0
MzUyODc0MjI4MTc5NDUwMTg5Ng==,0
LTc2NzA5ODc2NzY2ODcxNTc5NTQ=,0
NjQ0OTA4ODMwOTY3ODc4Nzkw,0
LTUzNjA2MzcyMjYzODk5ODQxODM=,0
LTgwMDI3MTc0MjIwNDQ2NzU4ODY=,0
ODU0NzEzMTExNjMxOTYxOTk2,0
MzkwNzU0ODk2MTk5OTI0MDA3NA==,0
LTQzMDc2MjIyNzg1MjkxMTczNTA=,0
ODY0ODY4MzE2NzM2NDEyMjU1OQ==,0
NjgyODA4MTM4NTA5NzY2Nzk0NQ==,0
NTUwMzM3Njk4Mzg3NjM2NTk4Ng==,0
LTU0OTg5Nzk3ODE2Mjg4ODU2ODA=,0
NjE1MTIyMDYyODY0MDIzMzcyMQ==,0
Nzg0NjUwNzg1MzM4NDIxMTY3MA==,0
NzcwMjk0NzA1NTg0MjA3NjM2MA==,0
MjM0ODY5MDIzODk5OTgzNTExNQ==,0
NzUwNjU0ODgxNjk2NjM2OTY3,0
NTkxMjQ1ODAzNTY1NTIyNDUxNA==,0
LTM3Nzg0OTE1MDc1NjYwOTkyMjk=,0
ODU1MTM5NjczMzA1ODA5NjAwOQ==,0
NTY5NTA0NzM0MTY1MDcyMjMwMQ==,0
LTUzNTg0NzI2MDUxNDk3OTI5OTk=,0
NzE0NDI1NjIwMTc0MzYwNjI2MQ==,0
LTE0MTg5ODk4NjAyMjk5NTI5Njg=,0
LTg2NzMyNzQxODc5NDUzMTY1ODI=,0
Nzc0ODU2Mjc0ODE1MjI1MjE0Mw==,0
NjkwMjUxNjMyNjUwMzkzNjE4,0
NTI0MzM1NDg0MTM5MTUwMjUzNw==,0
LTQ0MDY4OTM0NTE1MTA5NTkzMjg=,0
NTIwMzUyNDAyNzEyNTI1OTk4NA==,0
NDQwODQzMjYwOTQwOTE4OTEwOQ==,0
LTc4NTYxMTMwNDE1NDM4NTE1ODE=,0
LTU1MzU2MzM0OTQ0NDUyNjU0MA==,0
LTcwMDc0NDc2MDI2NDkwNzIzMjU=,0
LTM3MDk2MzI0MjA5NjE1Nzc4MjE=,0
LTYyMzg3MTY3NTc5NjEzMDM0ODM=,0
ODU4NDgwNzk0NjA4MzE5NDAwNg==,0
MTc5MDYwNzY2NTAyNTg2NjczNA==,0
NDM5MTczNTY3NTc5OTEwNDkyNA==,0
LTU1NjE5MDYzNjI4NjQ4NzkxNzg=,0
LTIwMjYyOTg3Njg4OTU2Njc0Njk=,0
LTkwNTAyNTA4MjY1MDQ1NjA1MzM=,0
LTYwMDQ5MDYzNDQzOTU0NzMzNDI=,0
NTY2OTUwNjUxMjM2MDY3NzU0MA==,0
MTQ4MjA2MzU3MTIyNzY4OTMzOA==,0
LTQzODMxNDQyNzI3ODc4NTI0NDc=,0
NzU4MTg5MDY3NzIzMDI5NzQwOQ==,0
LTg1MDAxNDgwMTgwNzAwNDM2OTc=,0
LTQxNDE1NTQ5NTczNjQ1MzI1NjI=,0
ODI3NzAxMzQyMDM3MTI1MTM1Mg==,0
NzkxMDA2ODc4MTUxMTI2MjcwOQ==,0
LTQ2OTI1NTYyMTczODYyNzg3OTA=,0
LTQwNjcyNzY2MTk2OTk0OTA1ODE=,0
LTkxNzQ5NDQwOTgzOTg3Mjc5OTg=,0
LTQ2NjYyMTMzNDUwMzQ4OTUxOQ==,0
MzAwNzY2MzcwODMyMDc4NzAyMw==,0
ODc5ODg5ODY1NTkwOTkzODUxMg==,0
LTU3MDgwODMxOTYyNDA3NDc0MzQ=,0
Mzg3MjUxNjExMjgzMjM4OTEwNA==,0
NjgzMjI3NDczMzAwNjAyMDg3OA==,0
LTQ1NDkxNzIxOTkyMTMwNzE0Njg=,0
MjIzODg3NjcyNjAxMDAxODU1OQ==,0
LTE5NjI1MTYzNTI5OTA5NTE0OTk=,0
MzQ4NzIwMTkzMjI2NzQwOTM3OQ==,0
OTQxMjIxMjg2MDM5NTk2NjEx,0
Nzk2NzA5MTgxNTQxMDc0ODc5Mg==,0
ODA3ODA0ODU1OTI0OTAyOTk2Mw==,0
LTIzNjk0MjgxMTczNzIxMTM3MTQ=,0
LTg3OTYwMDc2ODk5Nzk1MTAwNTk=,0
MjQ4ODAzMzc5MDk4NjU5MTExNA==,0
NDQ2MDkxNDM0MTcwMjcxMjMwNg==,0
NjcyNjgyNDgyMTY4MjI3NjY1Mg==,0
NjMxMzA3ODU0OTk3NDU3OTEzNg==,0
Mjk1MTAzOTEzMjI5NzIyOTk1OA==,0
NDE4NTQ5OTI1MDI0ODMyNjM4MQ==,0
LTI1NjkxMTU4NDUyMjUxMjM4MzQ=,0
ODYyNDkzOTgyMDIwMDI1NzY0MQ==,0
Mjg3ODAwMDM5ODcyNTY4NTU5OQ==,0
LTc5NjMxMzMxMjg5MDkxNjA1OQ==,0
MzI2NzcxNzkwOTA5ODE4MjYzNA==,0
ODc1NDk4NjIwMDQ2MDIyMTUyOQ==,0
LTc2ODQ3MDY5NjgyOTU0MjE2MjQ=,0
MjY2OTEzMDQ4OTA0Njc3NTAz,0
LTY3NzM5NTk0NDg1MTYwMjcyNDc=,0
LTg2OTA5MjUyMTU0MTU2MTc1NTI=,0
LTI1MjM1MTg1MTY4Mjc3NjY5ODA=,0
LTIyMTM5MjI1NzMzMjM3MjQxMjM=,0
LTk3NjAwNjczMzY2NDc2NDcxNw==,0
LTU2NjA0ODc0MDcwMTkyOTM0MTg=,0
MTQ0MzQyOTM3MTcwNDYzMDY1OQ==,0
MjY1OTQ0OTkxMzQxMzU0Mjg2Nw==,0
LTc1MzMxMTc3MTkxMDYwMTM5NDk=,0
NTYxODI5NTk3MDczMjM1OTE5,0
MzgwNjA0NDk0NDM1MDc0OTI0MA==,0
LTYzOTkwMzMxNzYyMzE3NDAyNTk=,0
NjY5MzIwNTQxMjAzMTI4NTg3Mg==,0
MjI5MDMxNDkxMjc0MjYwMzI3Mg==,0
LTczMDE0NjAzMTE4MDIxNTY2NQ==,0
MzE1OTg2NTk2MDE0MjgwNjAwNg==,0
LTY2Mzk2OTczMTIzMDU3ODM5NDM=,0
NDEwOTA0MDY5NjQ3MDkwNDU3Mg==,0
LTQzODE0OTEwNjM4OTMwMjA5ODE=,0
LTc3MzM0NTMyMTY4NDk5MDI5MDA=,0
LTMyMjAzMjI4MTk0NTk1NTI2ODc=,0
LTU3NjY4MDUwNDE2MzIxNDg1OTk=,0
MzkzNzcyNDAxNDk5MTQwNjc1OQ==,0
ODYwMTQ1MjA4NTgzMzMxMTQ2Mw==,0
NzUyNzQ5Njk5Mzk0Mzk3NzQ0,0
LTY2NzU3NDIxODk3NTgyMzUxNjE=,0
NTQxMzI0NzQzNjM3OTUyMDQxMA==,0
LTcyODI2NDU4NDM3MTU3NzQ2NTU=,0
LTc4MjA3MDAyODgzMDg0Nzg2NDM=,0
LTgzODA0MzIzMjM0OTE0MzMzNjU=,0
NTk1ODE4MDE5ODcyNjMwMDA2NA==,0
LTM5ODQwNDIwMDEyNTM5MTIxMzE=,0
LTY0MjUyNzAxMzM1MzAzMTYxMTU=,0
NTg5OTAzMTczMzU4MzE2MjA5NQ==,0
MzgwNDExNTM1NTM5NDE3NTM3MA==,0
LTc1OTc3ODc4MjcxODU0MTk5MTU=,0
MTE0OTA2ODY2ODc1Njk4MzQzNQ==,0
OTA2MzEwOTMwMDkxODE2NzcyOQ==,0
OTAwNTkwMzU1NTA5MzI5NTE2MA==,0
NTM5MDk0MjQ0MDA4MjYxODc2,0
NTcwMzM5MTAxODc3MDY3ODg1Mg==,0
MjAxMjA5NDIzMjQ0ODA2NDE5MA==,0
NTcxMDA0NTgzNjA4Mzg0NTU2Mw==,0
NTA2ODA5NDc3NDc2NTg0ODQ5OA==,0
ODk5NzIyODQxMDg4NjM0Mzc0OA==,0
ODEzNDE3NDMzMjU3Mjk1MzIzMg==,0
LTcyMjc0NjYzMTgzNzk4NTY1NDE=,0
LTMyNDA5NDAxODA5NTU1Mjk1MTI=,0
LTIzMzc5NjAzMDI2MDg5MzQ5MTQ=,0
LTUxNDY3NTA3NDMzMzY5MTY4MDA=,0
MTUwNzM1MDI3NTYzNTEwNjA0OQ==,0
NjEyMTA2NzgyNTI3NDk3MTA5Ng==,0
MzQzNjYzNjY0NTkxODkyMDA2OA==,0
LTIxMjA3NjUyODg0NzM3NTM5MzM=,0
LTI5NDEwMTk5MzUwMzgzMDE2NDQ=,0
NDIxNzkwNzk3NDA5NTc2OTE=,0
NzEwNDc5MzQyOTk3MTE1NDg1OQ==,0
ODExMzc4OTY4NjU3MTI1NTMzMg==,0
MTI0OTE5MzM0NjM2MjU2NTAzOA==,0
LTMzMDE5MzQyODY5Nzg4NjkwNDY=,0
LTUzNTk4NjM3NDkyMDEzNDQzNTE=,0
MzkwODg0Mjg1Njc4ODM2ODg1Mg==,0
LTI0OTgwODMyMjg3ODQ1MzI3Mzk=,0
Mzg0NDcyNzA5NjYzMzIyODc5MQ==,0
LTYyNjE5NzcwMjQxMDk1MDIzMTI=,0
NjY4NjgyOTExMTQ3MzI4NTk1OA==,0
NDQyNDE3MzM5NzIwMjY2OTE3NA==,0
MTcyNzQ4NTI0NDExMDM4ODUyNA==,0
LTQ0Nzk0NDA2NjQyMjI2ODM0ODc=,0
LTU4ODgwNzM5NjU4MzMzMDI0ODQ=,0
LTk3NzgxNTA2Nzg5NTI0NjI0Mw==,0
LTUzMTg0OTI1MTQ0MTI5NjUwMTg=,0
LTM4MDk2MzE4NjA2ODU2OTE2MjM=,0
LTkxMjY0MzczNjcyMTIxNjc0Mw==,0
LTI3NjI0ODM0NTAzMzQ2NTc0ODE=,0
LTMxNzcwNDIwNTk2Mzc1NjQ1NDM=,0
NTA3Mzc0ODU4Mjc4NzUwNjA5Mg==,0
ODcxNjkxOTQ1NTUxNTk0Mzg4OA==,0
LTYyMjQ4OTA3MTYwODEwODk3MDY=,0
LTQzMTU4NDM4OTE2NjY2MDk4Mjk=,0
MzAxOTExNzQ5MjQzNDg3MDc5OA==,0
LTM0Nzc4NzgwOTA2NzQ2NjUzOQ==,0
MTg4OTYzMzg1NjkxODQwNjkyOA==,0
LTE3NzkyMTc2NzMxNjQ1NjIwMA==,0
LTczNDc3NDM3ODE4NDY3NzQ2MDg=,0
LTY1NjIzMzkwNDk5Njg0NTUwODg=,0
LTU3ODY0ODQ2MjgwMjM0Mjc4Nzk=,0
NDYzODc2MzEyNDc5NzM0MTY5OQ==,0
NDkzODI0NzU5NTY0MTA3ODEwNg==,0
NjM2Mjk1ODQ1Nzk4NDcyNTg5OQ==,0
ODM5MTY0NDU3MTkzMzEwNjU3MA==,0
LTY1NDgwNjc3MDMwNzY5ODk4OTc=,0
MjQxMjQwMzMxNDA0NzIzODQxMA==,0
LTUxODkyMzcyNjMxNDQ1Mzg3ODc=,0
LTQxODUyMTMzMDE1NTI0MTQ0MzU=,0
LTYxNDYyMTA0NDE5NTk1MjYzMzI=,0
LTgyODYwNzE4MTU5NTM1NzEyNTY=,0
LTQxMjUzMjUzMzE5OTg3MjA0MQ==,0
NjE5ODk5NjM1NTUxNjE4NTk2OA==,0
LTIwMzM3MTkzNzcyNDg4MTAyODQ=,0
LTM5NjU5ODM4MjgwODk4MjA4NDI=,0
MjA4MTMwNzE4MDIwMDk5NjU0OQ==,0
MTMwNTkwMDA0MjAwOTA3MzAxMg==,0
LTkxNjMwOTU0NDg3MDczNzUxMzA=,0
MTAyNjIxMDIwNzY3ODU4MDc0,0
ODI4NTY4MzU1MjU0MTU5OTAwNw==,0
LTcyMjY4MTcxNDQ0OTAyMDg5MzY=,0
LTgxMDYzMDQ2MDU0NDY5MTAwNzQ=,0
LTgzNTU5Nzg0NTkyNTAyOTg2ODA=,0
MTAwNzg2MDU2MTE3MDA0MTQ5Nw==,0
MjY5MzQzMzA5MjEyOTAxODQxNQ==,0
LTg4NTg2MjY2OTg3MjQ4NDQ3NA==,0
LTcxNTU3ODM1NzEyMTMwNDMzNTc=,0
LTI0MzY0NDAwODc4ODI0ODk2NTM=,0
LTcyNjQ2OTk3MzQyNDU5ODkzNQ==,0
NDgzNjY4MTk5OTQyOTExOTQ0Mg==,0
LTg4Mzg5MjUxOTY5MjkyNDk4MDc=,0
MTI4ODg4ODI5NTc2NDYwNzQ1Nw==,0
NjE5ODQwMjE3ODEwMjYxMTQyMw==,0
LTQ0NDcwNTUyMjQ4NTQyNjgyOTg=,0
ODU0Njg4MjY2NjAyNzgyMTQ1,0
LTY1NjY0MTY4NDM0NTIxOTA2MTQ=,0
NTIxMTIyODg4Nzc0MDE5NzY0NQ==,0
MzI2NzUzMTMxMTQzNzg3Mzk1Mw==,0
LTY5NDQ1Njk1Mzg5MzQ0MzQyMjc=,0
MzMyNjEzMTI5NDE2MDcxMjI2Mw==,0
LTQ3MjU5MjU2NjcyMDI5NTQ2Njc=,0
LTUxNzk5NjQyMDg1NjYzNTQ0MDU=,0
MzM1ODk5MTQwNTIyNTk4MDczMQ==,0
LTcxNjgyODcxNjAxMDM5NTQ2Mzk=,0
MTcyMzAzNzE4MjIzODI1MzgyNw==,0
LTU2NzU1OTc3MjM1Mzc3NTk4MDA=,0
NzgwMzAyNTc0NzgyMjU4NDk5Ng==,0
NjIxMzU2ODg1NDE0NzE2NjM3,0
ODkzNTA3NDQ3MjY0OTIwOTc2Ng==,0
LTU1NjExMTQwMzk0MzE1NzMxMTU=,0
LTg2MTk0NDA5NTA4MDI2OTc3NzM=,0
MTU1NjQwMzg0NDU2MTIwMzQ0,0
MzU5ODI5MDgzMTEzMTcxNTIzMA==,0
LTMzMTAwMTUxNzA3ODAyODY1MDk=,0
LTQ2OTI0MzIxMTkwNDQ5ODEwNg==,0
NjE4ODU5Njk2NjU1MTg0MzIxOQ==,0
NjAzMzc2MzgwMjgwMDA3MzUwMQ==,0
LTczMjY5OTE4ODY3MzQ0MDQ4ODI=,0
LTU0OTAzNzg5NzY1Mzk3MzcyMTM=,0
MTc2MjIyMjMxNzI4NTU2MzYwMg==,0
NjUzNjkzMTYzNjgxMTcyOTg2NQ==,0
LTg2NTU3NDUwODAyNzM3MzU3Mzk=,0
NzgwMjQxNTc1Mjk4MjAwNzQ3,0
LTY3MDg4ODQxOTg0NTg2MzAwMDg=,0
NjQ1OTY3NTQ5MDkwOTYyODM3OA==,0
LTUyMzc4NDE3NjcxNjE3MDk4MTQ=,0
NjMxOTY2OTM2ODAwODE5Njc1Mw==,0
MTc2MjY4Nzg0NTIwNjM4MTkz,0
LTc0MDU1NzYwNDAzNzIxMDgwNTQ=,0
NjA2MDg4NzAxMDg0ODM0MDY2MA==,0
LTMwMDA0MzMzMDAwNzU4NTk4NzE=,0
LTQ1NDUwNTA1NDcwMDI5MzM4OTg=,0
LTIxNDY4NTk0NTA5OTA0MjU3MjA=,0
LTE4OTAzNDQzMzAzODQyMTkyMzc=,0
LTM2NjQyMTE1OTE4MjgzMDUzNzQ=,0
NzQ1NzEwMDkxOTkwODg4NDMxMQ==,0
LTMwNjkwNTQwOTc4NTExOTUzNTI=,0
ODU2NTA3MzU3NTQwODMxMzQ4OA==,0
NzA4MTM1Njc4MTkzODQyOTM1Mg==,0
LTY0Njk3OTk0Mzc5Nzk5MTYwOTg=,0
LTgzNTc3MzI0MTM5MTcwNDkyNjQ=,0
NTI3MDQ0ODEyMDU0ODg1MDIwMw==,0
NTgxMDcyNDEzNzAzMTE1MTYwNw==,0
NDEwMTUzMzM0OTI5OTg0OTI4Mw==,0
MTU4MjMzMzczMjU4ODkzODgwOQ==,0
LTc2MzEwMjU3ODc2NjU4NDkxMjE=,0
LTU3Mjg0NTQyMDIzMDE4MjE1MzQ=,0
MjA4NTgyOTE0MDExMTE2MjkwMQ==,0
LTg3NzA3NDgxOTg5MTUxODgwMDA=,0
NjE5NTQ1NTk1MjUxNTQyMDQx,0
LTc0MDQ3Mjk0MDQ1NTEzNjQ5NDg=,0
NTYxNjcyNjcwMDI0NjQzNjQ=,0
NTg3MDgxMDQ0Njk1NzI2MDM4,0
LTgzNzA0MTU5Mzc2MjQ2MDI0MDc=,0
LTU2NTAwNzI1NjUzNjcwNjE5Nzk=,0
MjQwMjE3MTUwOTcxMTU2NjI0MQ==,0
LTI3MTExOTA3NDQzMDE0NjQ3NDk=,0
LTYzOTE1OTQ5NDU0Njk1ODk5Mzg=,0
MzI1ODc1MzQ4NDM2MDk4MjAzNw==,0
NjAwMTM4ODQ3MDA2MTA0OTgwMQ==,0
MjY5ODAwNTE3MzkyODE2MjUzNA==,0
LTYyNDU4NDM1OTA0NTkzNzcxODQ=,0
LTU2NTU1NjIwNzY3NjcyNjgzODE=,0
NDg2Nzk0MjgxMjkxNTc5MjMyNw==,0
ODI1NDA3MTQ2OTE0MzkyOTAzMQ==,0
OTIwOTgzOTk5ODA5NTAyMDQwMQ==,0
LTEyNjg0NTM0ODczMTU4ODc0Mzg=,0
OTEwMTgyNDIwOTI3MTg5MjgwOA==,0
LTU3NDY2MTI1MTQyNjI0NzAwNDY=,0
LTg5MDYyMjMyOTc5MTQ1NjI0NTA=,0
LTg0MDU3NjE2ODUzOTExNzAxNDg=,0
NjU2NTUwNDI4NzMwNjgzMTMyOA==,0
LTU5NDY0OTgxOTMxNDQ1NDkzMzk=,0
LTQwODIwOTM5MDMyMzM4ODEzNw==,0
MjYwOTYzMTEyNzE4OTcxODMyNg==,0
MjExNDQ2NDI1NjMxMTM5NjkzNw==,0
MjU2NzAzMzY3MzcwMjI4NjQ4MQ==,0
LTI1NDg0NzQwNDQzMTQ2Mzk5NDk=,0
LTEyNTQwNjAyMjkyNzU4MTE0OTY=,0
NjM3NDczNDc4Njg0ODY5NzI1OQ==,0
LTM2NTI5Mzg0MDk3MDUzNTYwMzQ=,0
MzUxNDY4Mjk1MTMwMzUyOTUzMw==,0
LTM2Mzc5MTc5NTQzNTk5MTk3NTk=,0
LTU4MDYzMjA1NzEzNjc0NTU0Njc=,0
ODYyNDkyNTc1Mzk2NjY1Njg5MQ==,0
LTE2MTA2MjA3NTUxMTAxNjU4MDQ=,0
LTU4NjY1NjQ5MDMwODUwMjkzMDc=,0
LTkwMjA5MDQ5MjcyNTM4MTMxMDc=,0
LTYyMDYzNjE4ODAyODY5MTQ3OTM=,0
NDg4NjA2MTUxMTM5OTE1OTYxNg==,0
MzU3NjAwMzgyNzYwNTQ1MTI2OQ==,0
LTU3OTY3NjIzNzkwMDg5OTgyMg==,0
NjkzNzczMTc1NDMwNzE3NzE2MQ==,0
NzQyNDMyMjE4NjQ5ODA1MTU1OA==,0
LTMzMjQ3MDYwNTA0MjkwNDI5MDk=,0
LTI3NzU1NzkwOTI3MjE4Mjk2ODA=,0
LTkyMDI2NDAwMTQzOTM0OTI4Njk=,0
NTU4MTMzMzAxMTYxMDI5MTk0,0
ODM2NTQzODEzODI3NjcyNDI0Mw==,0
MTc5MTM5MDIyMzU5MDU1NDE0NQ==,0
NjMzMDA5NDY5OTk4MDgwNDg0MA==,0
LTQyMjExNzE4OTM4OTI1NjQ4MDQ=,0
NDE1OTE2OTk4MDIyMzA0OTQxNQ==,0
LTkxOTE0MDQ1NTkzMDgwMzc3NzE=,0
LTM0ODUzMTQ3MzU1MjU0Mjc1MDU=,0
LTk0ODg3MzIzMjkzNjQzNzcwMA==,0
NjQwOTIxNzM0MTkwNzQ2Mzk0MQ==,0
LTcwNzQwNzQzNjI5OTc4NDA1NTg=,0
LTM4MDcyNzc2NTE2NTE2OTE3Nzc=,0
MjUzOTUyMzU2MDQ5NjkxNDE1,0
MzAxMDgzNDAwNTM3MDkwOTUxMA==,0
LTEzNDI1ODcyMDA1MDk2OTYwMTk=,0
LTc5MTk3MDA0OTI5ODAwMzk4MjA=,0
NTY3NzM4OTI5OTQ4MzMzNzYyMw==,0
LTUzOTY3ODYwMTk5NTYwMjIzMDU=,0
MjQ1Njc5NDU5ODE2MTE2MTAw,0
LTI4MjIwMDI3OTUxNTg1MjY2MTY=,0
LTE5NDU1OTA5NjQwMDAzNzExNjA=,0
NDA4NDI5Nzc3NDY5MzkxODc3NQ==,0
LTk5MzA5MTEzOTYyNDExMDYzMA==,0
LTg0NjQ1NjYyNDIzNzAwMDU0ODg=,0
MTUyMTU3NDQ3MjAwMDcxNTYxNQ==,0
NzkxMjUzNTM1MTQ3OTQxODczMw==,0
LTYzMTQ0MTYwNTk0OTc2MTU3MDE=,0
OTQyNzYxNzYyODY4NjA3NDE3,0
MzQ5NTcwNTExOTg0OTQzMDEzNA==,0
LTE4NTIwNDA3Mzk2MTc0MzEwNzM=,0
NjE2MjQ4NzkyNTg5NzY0MTc1MA==,0
LTg3Nzk0OTIyMDM5NzQyMjg3,0
NjMwMzIyNjUyNDU1OTE3MjE5NQ==,0
LTQ1ODUxNjgwMjUzNjE2OTE2OTY=,0
LTI5NTU1NTExOTAzNzM5NTQyODk=,0
NDAyNjQ4NzkxNzUxNjIzNTkyNQ==,0
LTMxMDgwMjQ4OTk4MTUwMDU5Nw==,0
LTY5MjU4MDk2MTk3NjQyNTQ2MTQ=,0
NTE3MzE4MzU4NjQwMDQyNjIwNw==,0
NDY2NTQ5MzgxNDEwOTkyMzA2OQ==,0
MTM1NDczNzc3NDUyOTU3OTc0Mw==,0
Mzk5MzkwMjAwNzk1MDE1NjM3MQ==,0
NzIwNDEwOTc5MjU2OTA3MDU1MA==,0
NDEzNzA1ODcyMzc3MjMyNTkzMg==,0
LTYwNzUwMTk1NzQxMTAzODc4MDQ=,0
LTIzMjkwMzYxMjUyMjQwMzY3Nzc=,0
LTUwMjcxODE1ODI2ODkwMDY1NjY=,0
NjQzOTk3ODA1MjQ1MTU0NTc1Nw==,0
LTc1NzkzNTY0MzM1NTQ3OTU0Njg=,0
NDE4OTAyMjk0MzI1MzQ5MzU1OQ==,0
NjQ1MTUxNzI5NjQ0MzM0Njk4OQ==,0
NjM3NTg2NTM1MDU1NzEzNjIy,0
LTc4ODI1MTA0NDE5ODA3OTc1MTY=,0
NTExMDkwNzM2ODEyODA0NDQ2Ng==,0
LTg2MTIyMzkwMzM3NjUwOTYxMDE=,0
MzYyMzA2MDA1NzE5OTAxNjYxNQ==,0
MzQ2MjQzNjI5NTkyNDc5OTUxNA==,0
LTYzNjYwMTQ2OTU4ODI5MTM5NzU=,0
Mzg3NDk1MDg0ODA4ODIyMTUzMA==,0
LTQzMDIwNzUxMDMzOTcyNjA4NzE=,0
LTUxMzAwOTg2ODk5OTg0NzU2Mzc=,0
NTk5MDgyMzAxMTkzMTA2MDM2Nw==,0
MjA5MzY0NjA3Mjk0ODYwODYyOA==,0
LTYzMjk0NjYyMDE3MDgxMzc3MDE=,0
LTcxOTc3NjY2Mzc0Nzk2MzA4OTI=,0
NTQwODU1MDM1MDkyNjEyNjA1Nw==,0
NDMzMTAwMzYxMjIwNjc1MDEzNQ==,0
NzE5MTE3ODk3OTI4MDg2OTIxNg==,0
LTQ5OTE1MTg2NTAzMDA0ODg3Njc=,0
NTMxODM5ODI2NjI0MDA2MTMwNQ==,0
NTk3MzM0MzMyMjM1MDc1MDc5,0
MjYzODA1NzE4NTA3OTk1NDMx,0
LTE2ODU5MTQ5MzkyOTA1ODYzNA==,0
NDU3MjcxMDUzMTg0OTU1NjU3OQ==,0
LTczMTE2NTQyMzE0MzgzODg5NTc=,0
MzA1OTMyMTYzMzc0OTM2OTkzMw==,0
MzQ1NTA4OTQ5OTE3MjgzNDIzNQ==,0
NDgzMjIwOTc5MjkxNDE5MjQw,0
MTE3NTg0MzE0NjA1MDA2NTAwMQ==,0
MjE1NDY0Mjg4NDQ2MzU3MzU2Mw==,0
MzUxOTc3MzM5NzgxMTE2NjY5MQ==,0
LTIxNDU3NzQwMTczOTY4MDA2NA==,0
LTIzMTEwOTM3MzcyMjI2NjAwNDg=,0
OTA3MTA0MzE1Mjg2MDU5MzI4,0
LTczMjU2NzA2NTkyODMxODAxMjY=,0
LTU3NTM0OTc0OTMwMDczNTU0ODk=,0
NDc2OTc3MTIxOTk3MTE2NzYwMQ==,0
MTI0ODc0NTI5NjQxNzM5NTcyOQ==,0
LTY4NjM1MjY3MzI2MTYxMTk0MzU=,0
MjY5NTE2NDgzNjM2NjAxNTEzMQ==,0
Mjk3NDcwNDA4MTQ4NTY0MDA0MA==,0
ODgxMTYyNzQzOTUxMzkyMjY2OQ==,0
Mzc0MTIyOTg0NTc3ODQ4Mjg3NA==,0
NDU2NDgxMjk5NDMyMDcyMTYxMw==,0
ODYyNDE4MzcxNTY2MjYyOTY5Nw==,0
LTQ2NTk2MTgyODcyNjk2NTkxNTI=,0
MjQ1NjMxNjAyNTU5NDE1ODQ1Mg==,0
Mjg4NzEwODcxMjI4NjU2OTIwMw==,0
LTgwNjE3NjA2ODkyNDgzMDkyODE=,0
LTQ2NDc1Mzg0NDY1NDIxMzM2Mzk=,0
MjM3OTg3NDExMTA1OTc1OTk4NQ==,0
MzE3NjA1NzgxNjI4NDQwMDIy,0
NTg2NDkxMzAzMDUzNTQ2MDQ3Ng==,0
LTI1MDk2MTgyMzE1NDAxNDU5Ng==,0
OTgwNTk0NzMxODE4ODExNTc=,0
MTA0NjQyNjU2MDY2MzkxNzA2Mw==,0
MjczMzAzNDIyNzcyOTY1NDM3Nw==,0
LTI4NzU0OTg3NDc3ODQ4NjI0Njc=,0
OTIxNDEwMTMwMjM2Nzk4ODMyMQ==,0
LTUwOTE4MDQ5MDE5OTE4NjU1NDc=,0
Mjg2MjA1MzM3NDIyNzcxOTM4Nw==,0
LTUyOTQ4NzYzNjQ1NjEwNTAwODE=,0
NzU4MTQzMDAwMzk1NTM5MDUxOA==,0
NTg3NjUyNjU2NjE5NzM4NjMxNA==,0
NjM1NjA5NDg1NDE4MjE1ODg0Nw==,0
Njg5MDk1MzUzMDkxMTE2MDEyNg==,0
NjQyODU0NjMxOTkxMDE2MTAyMA==,0
NjA3NjY5NjY2MjQ3MDEyMjg3NQ==,0
NjMwMDQxNzI3Mjg0NDc0Mjcz,0
MzMxMDUwNzE5Nzg2NjgwMDk0NA==,0
LTgzODgyNzczMDQyMTU3NzI3NzU=,0
LTg2MTY0MjQ2MDcxMDk2Mjc3Ng==,0
MzA5ODM5NTU1MDM3MTEzNDE3NA==,0
LTc4ODc1NDUzMjQ1MDU5NjU3NzY=,0
LTE1MDQ2MTMyODk0NDYyMDIxNjU=,0
ODcxNDE5Mzk5NzY1NDAwNTkyNA==,0
LTgxMjI0NDA3MTIzNTM4MjAxNjg=,0
MjQwNTM1MDU2MzE0NDAwOTU4,0
LTg3MDY3OTc3MDQzMjcxODk3NTQ=,0
LTkxNjc0NjEwMTAzMTYwMjc2OTE=,0
MzMwODA2ODg1ODU2MTU2OTg4OQ==,0
Mjc4MDc5NTkzNjg4NTAxODkzNg==,0
OTkzOTgxNzUwNTU3OTg3OTM3,0
LTg5OTkxMTEwOTE3NDkwOTEzMjc=,0
NDIyOTU5MjczNzc4NDQ2NDk5NA==,0
LTcxMTE2OTAzMTMxODU2MzI3Mw==,0
LTYxOTc5NjU5MTg4MTUyNjkwMjQ=,0
LTQ1MjI5ODE4ODk2MDE5NDYzMDQ=,0
LTI5MTA1MDgyODE3MDkwOTc4NzE=,0
LTc3ODMzMjA4ODYwNDAxMjQ5MDI=,1
LTY3MzkwNjI1OTU4MzQyNDc2NDQ=,1
LTE1OTgwODkyNTE3MDEyNjU2MzI=,1
LTk4ODQyMDE4MjcwNDU4NzUwMQ==,1
NzY2ODQ4NDc0NjUwMzMzNTk4MA==,1
LTUxMDM5MDY5MTYzNTIxNjM4OTE=,1
MjAzMDc2MTI5NjMwOTQ1MDc1Mg==,1
MjA1MjIxNTI2Njk4MTM4OTIzMg==,1
LTMwMDc1ODgyNDA2NzIwMTI1NzM=,1
MjEzODg3ODU4MjU2NzEwNzYwNA==,1
LTI1OTQ2NTMzNzQzMjg1OTA4NTE=,1
LTM0MDYwNTEwNTEzMzI5ODI5OTE=,1
LTIxNDk0ODcxMjUyNzI2Mzc2Mzg=,1
NDc3Nzk4MTE1ODY1MTA5NTIxMA==,1
MzE1NjM2NzkwMTgwNjk2MDg0Mw==,1
NTc0NTM4MDU5OTY3MTQ1OTU1OA==,1
LTY2OTM1NzgyMDczNDg4NTgzMTY=,1
LTgxMTg2MDMzNDMzNzAxMjg2OTg=,1
MjQzODcwMjc3NzAxMDM3MDQ0Ng==,1
NDU0ODU4NTQ0NzkyNTY2MjgyOA==,1
LTE5NDYxNTEzMzUwMjQ0NTc2NDg=,1
NDE5NDE2MDM0ODQzODY0NzE4OA==,1
NjI0OTQ2MDE2ODIxMzkwOTMzOQ==,1
LTc0MDcxMjQzMTYzNjg4MzY4NjE=,1
OTA5MDY0OTE1NjQxOTE2NDY3MQ==,1
NDMxMzYzNzQ4NzgwOTI0ODc3MA==,1
NjYxMDM2NTIyNTg4NjA3Mzk0Mw==,1
Mjc1NTU2NTQwMTE3MDMwODkyNA==,1
ODc3MDYwNzcwMDMxMjc5OTY2OA==,1
LTM1ODI4NDk0ODE2NzMwNDkyMDc=,1
MjI1OTAxODI3NTMyMDIzNjE4Nw==,1
LTMxMDkxOTAwNDM1OTQ5NDcxMTQ=,1
LTU5NDY4NzI0OTY1MDI4OTYxMjM=,1
LTQzOTM3ODA4NDA0NzA2MjkzOTM=,1
LTM1MTgyMjQwNjE5OTcwNzYwNg==,1
LTEyNjAwOTA3OTEyODQyNjQ0Nw==,1
NTQ4MzU2OTE5NjU1MTg4OTg3Ng==,1
LTM3NzkzMjc0MDE1MTgyNTI4ODY=,1
ODU1MzgwNjA0MjA2NTU1MjA1Ng==,1
LTQ2NTM5NTQ1MTg5OTg0MDk3NDY=,1
ODA1ODExMDcwNjQzODIxMjg3Mg==,1
LTYwOTU0ODUwMDI2NzUwODk3OTk=,1
NTIyMzQ5MjU2OTc4OTQyMzg1MQ==,1
NDM0MTIyNzg5ODI1Njk1NzY0MA==,1
LTE2NTQ5MjEyNDkzMzU0NDkxOTk=,1
Mjk4NTY2NDY3NjE5Njc0NjQwMA==,1
MzYyMDAyNTc4ODM0MDA3Mjg2MA==,1
NjQzODQ2NjY5NDk0MDE3NjM2NA==,1
LTExODg0Njc3ODIzNzY2NTE0MzE=,1
MjQ4MDk5ODAwODUyNTg0MDc3MA==,1
LTg0OTgzNTUzMzg2NTEwNDQxOTQ=,1
ODg2MTcxNzUwMDk2NTE3NzE1NQ==,1
ODQ0ODAxMzIwODA1NzYzNzI3Ng==,1
MjY1Njk5ODA4NDY0Mjc4OTY4,1
LTI3MDE3MTM3MDEyOTgwODA0MjE=,1
NzE5NTIwMzY4ODUzNTI3ODcwOA==,1
NjI3OTE0ODkyNTcwNTg5NzQyMw==,1
ODY4Mjc1NDE5MzQ4MDczNTM5Mg==,1
NTMxODgwNzEwMTY3OTExNDExMw==,1
LTgyNjkxNjY5OTU1Mzg1NzMxNzY=,1
NjY0MjcwNTk3NTQwMzg0MTE1Nw==,1
LTI3MjE4ODc1MDg4MTY4MjYyMjA=,1
LTE5MTc4OTYwMjU3Mjg1NDgxNjA=,1
MjU3Mzk2NjMwMTUxNDUwMDcwOQ==,1
LTI5NDkwMjQyNzMyNjMxNzAxMQ==,1
LTUyNzYzMjY3NTE2MTAwNzQ2MzU=,1
OTg4MDcxNDgwMDc3NDY5MDI3,1
MzM3MzQ1NTQzODg4MjY4MjI2MQ==,1
MzM2MDQwMDk0NzU0Mzg4ODE3MQ==,1
NTIwMTU3NzIyNjU2MjcxNDkxNg==,1
LTM1ODQ0MzE4Mjg1NDEwOTIwOTI=,1
LTcxOTMxODE2MTI0NDc1NzY0MTM=,1
MzkyMjI0MjIzNDc2NjkzNDc3OA==,1
NTY3OTExODY3MTM5NjYxMzIyNQ==,1
NTg5MDczOTA0NzIxNDIwNTgxNg==,1
LTY2Njg5NzA1NjU2OTYxNTczMjU=,1
NzkxODQ1MzE0OTI0MTI3NjYxMA==,1
LTc5MTMwNTk5NDE5OTc4NDkxODQ=,1
LTMxMjUxMTQ0MTg5Njg5MTQ2MDU=,1
LTEzNTM4MzYxMTA1MDg4MDQxMjY=,1
NzQyNTA0ODg1NTgzMjM5NTQ2NQ==,1
LTYwOTU5NDk2NzU1NDcyNTE4Nw==,1
MzExMzY0OTM3MTQ1MTExMjQzOA==,1
MTE2MDQ5MTYyNTk3Mzg2NjYzOQ==,1
LTU3OTcwMTgxNDc3ODYxODcxNzg=,1
LTY0MzMyNzI0MzY2NDE2MjM0NzU=,1
LTkzNDc3MjI2MjY3OTc2OTEyMg==,1
LTUwNjYzNzQ4MTg4OTQ0MTk0Ng==,1
NDU5NDc1OTcyNDYwNTI2Mzk1Ng==,1
NDM1NTkyOTQ4Mzc5NTE3ODM2OQ==,1
NTI0MTg5MTQ5MjUwMzA5NzExNQ==,1
Mzg0MDI0Njc3NTIzMjY1MjU4OQ==,1
LTM3NDU5NTU4NDY3OTE3OTc5MTY=,1
NDM0NzExMzcyMjY4NzUwMjc4Ng==,1
LTM2MjQ1MjcyNTQyNzI4MTg1ODU=,1
MzE4MDMyNjQwMzExNjk0OTAyMQ==,1
LTg0Mjg2ODE4NzEzOTY5NjE0OTM=,1
MTgwMzI3NTQwNzU0MjczMTcy,1
LTU4NDA3MDE3NTgyOTMyODQ1NzU=,1
LTIzMTI0NDE2NzAxMjEzMTExODM=,1
LTY4ODIxODk1MTM2OTcyMTMyNzE=,1
LTM1MDc3MDI2NjEzNjMxNjg1MTM=,1
LTczODgyMjU2OTEyNjcyODE1ODU=,1
LTQ4NTAyODc0MTI5MzE0NTY2NDk=,1
NTcyMDg0MTUyMTcxMjc3MjIwMA==,1
LTgyMDYwNjY3NTc2OTYyNDMzNjE=,1
MjQxNzQwMjk5MDM1MTc4MzQyMw==,1
LTc4MjkyMTUzMjE3Njc5NDAyOTU=,1
LTU5NzU0Mzk3MjAxMTA4NTY2MTk=,1
MTc1MTE5MDI2NDI5NjY4NjQxNw==,1
NTQ5MTMzODE0OTA4NTAyMjQxNg==,1
MTU5Mzk3MTQ2NjgwOTgyNDE2NQ==,1
NTI4MTgxMDYyNTU3NDkwMDI0Mg==,1
MTAwMTYwNjA3Mzk0ODUzMjY5MQ==,1
MTY0ODY1OTAzMTc3Mjg4Mjc1Mw==,1
LTIzNzM5NDkxNDQ5MzczMjMxMTU=,1
LTcyMjI4MzA4NzM4MDk1NTkxMTg=,1
LTE4NjI5Njk3MTM3ODQ3MjQ4ODk=,1
LTYxNjcxNjMxODk2MzU1ODE1NzU=,1
NjA0MDYzOTA3OTY5OTQyNDc2Ng==,1
NjA3ODE3MzkxMzYwNDQ4ODk5Mg==,1
LTMwNTMxNzMyMTU2MzcwODc3NzA=,1
Mzg5ODA2MDI5MTc1NTM5MDg0MQ==,1
MzUwMjg0NTM1NzU3Njk3MzgxMw==,1
LTkwNzExODkwMDY4NzkyMjQyNzU=,1
NjM4MzY1OTkyMTYzNDUyMTg4OA==,1
ODE2OTgxNTI5MTE3NTU5OTAzOQ==,1
NTA5MDkwMDUxMjk2OTg3Mjg5Ng==,1
LTc3MDkyNzU1NzAxODA3NDg2MTI=,1
LTcwNzI3NzEzOTg4Mzk4MzQ3ODU=,1
LTM5NTIzMTI5NzA1MDQ3MzA3ODU=,1
NTQ0NDEwMjk1NTM4MTU2NTEzMA==,1
LTYxMjMyMzEzNDQxNjM0ODAzNw==,1
LTM4NzI3MzAxMTkwNDUzNTA4MQ==,1
LTQzMzk3ODEzNzg1MzY3MjUzNzE=,1
Njc0NDYxMjM1OTUwMzIyOTIyNA==,1
MjE3ODQ0NzM2MTIwMDgzMjAyMg==,1
MjIxMzI3OTQ0MjMxNDg4ODM5MQ==,1
LTQ1NDc0MDAzMTI0NjQwODMxNDA=,1
MzA2MzExMTgzMjgxMTM1MjEwNQ==,1
ODMwMzQxNTY0MDI4ODQzNDgyMA==,1
MTE3NTYyNTcyNjY4NzIwMDA4MA==,1
LTUzODU3OTA2MjY2Mzc4Nzc0Mjg=,1
NDAyNTI2NzQ3MDY2Mzg4MDEzOA==,1
LTM5MjE1OTM0MDQ2NDEwNzc1NzI=,1
NjI4MjU5MzI5MjE4ODE2MDMxMA==,1
MzYwMTcxNjM4NTQ2OTU1NDA1NQ==,1
MTkzMTkxNzM5MDUwNzIwMzk4Mg==,1
LTMwMzk4NzE1NjgxNTU3ODA3MDY=,1
LTI0Njg5OTc2MjQwNTgyMTM0NTA=,1
MjM1MTQ5ODc2MTE1NDY5MzY3NQ==,1
LTQ1NDk1NzAwODQwNjMzMjY0NTk=,1
LTEyNTk0Njk4ODMwMzY0NDgxOTg=,1
LTQ2MzA0MDY0OTY1NTM0NTY4NTY=,1
LTc5Njg5ODg1Njg0OTkzNTk0MTg=,1
MzE2MjgwNzcxMzEzOTQ3NTIyNw==,1
MTM1MjYzMTI3NDExMjYwNzQ0OQ==,1
LTg0MTQ1NTExNjgzMTcxMjAyNjQ=,1
NzIzMDA2NDg0NDI3MzIxMjI0,1
LTQ3OTk4MjE1NTM5OTczMzc5Mw==,1
NzExODA4MjE2MTcxODIyNTk1Ng==,1
LTEwMjAyMTY4NDEyMDkyOTcwNTk=,1
LTEwMTkxNDQ0MjI2Mzc0MDU4Mjg=,1
MTQxMDczNTQ1OTMxMTQ1Njc2OA==,1
MTM5NTQ4MjQ4MDIyNTI4NTIz,1
NTI2OTI4NDg2MTk4OTA5OTk5Mg==,1
Mjg5NjE2MTMwNzY2MTgxMTkwNg==,1
NTg4NjgwMTkwOTg1Nzk0NDE5Ng==,1
NDI4MDAwNzg5ODY3MzE1ODE3Mw==,1
LTYzMDQ0NzYzNjk4MTg1MjM3MTI=,1
LTcyMjU4MTE2Njc4MDgyMTU0NQ==,1
NDE3NzM1MDI2NjI5OTkxNTg3Mw==,1
LTgwODc0NDAyODQ4MjQ4NTM3MjE=,1
LTE2NTI3OTkxMzMwNzYyODA1Njk=,1
LTE1Nzg5NzI4OTYwMzg0MzQ2MDk=,1
NzI4MjY4NzkzNjUwMTI0NjIyNw==,1
LTc2OTk3NTI3NTgxNzA2ODEwMDE=,1
LTE3MzI5OTkxMDk5NTg1NjU1OTI=,1
MTU0NzY5MDEwMTYzNTUzMzcwOQ==,1
MjI0NDg1ODE5NjQxNTU1MzQxMA==,1
LTQ4MDE2OTA0OTI5NTMzMTUyOTM=,1
MzAxNjk1MDI3MzkxMjI2Njk0Mw==,1
MjU2NzI1NTU4MzQ4NDM2MDkz,1
MjU0MDAxODQ4MDcxNTE5MzQzOA==,1
MTE2NzkxODEzMTM3MTExOTc2MA==,1
NTkyODk4NDMzNjE4ODY3NzA4OA==,1
LTI2MTg5MDQ4NTM3NTU2NTkxMzc=,1
ODQ5ODI5MTExMzUyODYxMDYw,1
LTUwMzUzMzc5MjE0NDcyMDU1MzY=,1
NTM0NDQ0NDcxNTcxNTc2NTA3OA==,1
NTI0ODUzOTU4Nzc3NjU2MTc0NA==,1
LTY2NDIxMDI2NzcyOTQ5MDAzMDQ=,1
LTExMjE1OTgzNDY4ODQzMDEzMzA=,1
OTA3MTAxNzE3NzY3MTgyNjgxMQ==,1
LTc4Mzk2OTU0OTI5MDgyNzA3Mzk=,1
NDY2MTA5ODYxMTU3ODgyNDM3OA==,1
NDU3MjM5MDc0ODgwNjc2ODMzNw==,1
OTE3ODQ0NTkwMDM5Njc0MzY0MA==,1
LTEyNTA4MTE1NDMxNTgwNzI4,1
LTMwNDQxNjk0OTkwMTQ5NDM2MzM=,1
LTUxNzY4NjE4MzM2NTIyMTc4Njc=,1
ODUyMjUwOTc2MTEzMDI3MTA0Nw==,1
ODgzNDE0NzY3ODYyNTU1NDg3OQ==,1
NDE3NzUzNjcyNTgxMDE1MzI2OQ==,1
NjMwODI1NTkwMTUyMTMyMDg4Ng==,1
LTIyMTg0ODg1MTg2MTAyOTI4MzA=,1
LTg0NjcyODUyNjI4MDA5MDkzNTg=,1
MjIwMzk4MzAwMzYyNDM2NDg5Mg==,1
MjA4MDE2MTA5OTU4Njg4NzQ3Nw==,1
LTI2MjE0NjUzMjgwNzQ1MzYxNzg=,1
NDI5ODE0MTE3Mjc3OTIzMzE3Nw==,1
ODY1MDY4MDA1NjQ3NTYyMzk5Mw==,1
Mzk1NzQyNzU4NTExNzIwNjc1Ng==,1
LTkwNjgzNDEyMDIyOTU5NDIzMzU=,1
Nzk1OTMzNzYzMjcwNDI2MDg0OA==,1
LTc1NzMzNTkyMjM3MDEzODk3Nzk=,1
MTI3MDM0NTk5MjUyNjA4NDUzNg==,1
ODE0NzQ4ODc1MjIwODA4ODMxNg==,1
LTIxNzM3Mjk0Nzc5NDcwMjI1NTk=,1
LTQxNDE2MDU3ODYzMzU2MzI5,1
MjU0NjQyODgzMDY3NjYxNDQ3Mg==,1
MjI3OTQyNzk1MTM5NTk2MzQyOQ==,1
NjY0OTU5NDcwMDQxODU0MDc4Mg==,1
LTIxMjYxMjY4Mzc1MjY2OTQ1MjQ=,1
MjA5MzUwMDg1MzYyMzkyOTMzMg==,1
NTM5NjY3NDE1MDkyMjAzOTYyMg==,1
MzkzNDUwMzA1MTEzMTc0Mzg0Mw==,1
LTMwNzIyNzMwODAyNTY4NjYzOA==,1
MjE1OTg3MzYwNzg2NzIyNzkxMA==,1
LTgxNjM5MjExMzU0MTc2ODg5OTg=,1
LTI5MTU0MTEzMDE2Njc0NzU2NTM=,1
LTkyMTY0MzIzNjAyMTEyMjgzNDE=,1
MTg3NjI3NDQ2OTMyMjcxNDU0MQ==,1
MTgwNTQzMzcxMjQ0MzAxMjY4,1
LTgzMjk4OTk1NjM1MjQyNDUwNzE=,1
NjI3MDUwMjU1NzQ3NjUxMDY2Mg==,1
LTYwMDQ0Mzg2MDExNzI5Nzg2NzQ=,1
NzMxMDQwMzc3MDA1MzE0MzY3Mw==,1
NTg2Mjg3MTg5NDk4NTU0MDQ0MA==,1
NDk3MzgzMDU2OTMwMjc4NDQwNA==,1
LTg0NTk2NzgxMzg0MjU1NjkyMjQ=,1
MjU3NTg4MDk4NTk5NDA1MTg5NQ==,1
ODc1NDc4MTk3NTk1MDA4NTAwMA==,1
LTg5MjEzMTUzMjczNTQ2NjM5MDA=,1
NzAxODE4ODM0ODQ3NTIyMTg3MQ==,1
LTQxMDA0NDc4OTUwMjQxNjQ3MDM=,1
LTEwMjEwNTI0MjQwNzI1NzA0NzA=,1
ODA0NTUwNjE3NjQ1NTMxNTU1NA==,1
LTcwNDM3MDE3MTk1NzcxMzk3Mjc=,1
NzUxODAyNTk3ODMzNzM1OTc5Ng==,1
LTEzNTcyNTg4NTI2Nzc3NDIzNTA=,1
ODEyMTU4NDQxNDc1NjkzODc4OA==,1
LTgxMzYzNzU1ODg1MzA5MjI1Njc=,1
LTIxNTk5NTM4MTg2MDkwMzg5Njc=,1
LTM4NjM5MDMzNzY2MjA3OTAxMDI=,1
LTgxOTIzNjM5MTczNjU4NDgzNg==,1
MjY3MjI2NjUxODk5MjkzNjc0OA==,1
NTQ0MjI3NTI0MzU2MTQ0NTk3MQ==,1
NzMyNzk1NzAyMzc3NzU4NTYyNg==,1
LTY5NjAzNTE2MzQ5MTY5Njc3MzI=,1
LTU1NjI0NTUwMzQ4OTY0Mjc3MDg=,1
LTkyMjE4Nzk4MzA5OTM5OTA3Nw==,1
NTUyMzc0OTc4MDEwMzIxNzg4OA==,1
LTY3MDkxNjA0MjM0MjkzNzE1OTk=,1
MTQyNTU4NzQ1Mzc1MjExMTg0NQ==,1
LTMwMTQ2NDQ5MDY0MjczOTIzNzk=,1
Nzc4NjM4ODMwNzY5MzMwNDEwNg==,1
NjM4NTc5MzE1NjUyOTIyNzgyMA==,1
MzY3MTYxNzIwMTg2ODM0NzgxMA==,1
MzczNDMxMjc4MzE2OTk2MDc0Mw==,1
LTE2OTI1NTM3NTEwNDA1MDk1NDY=,1
LTM2NTM5NTY3NDc5NzY4Mjc2NjU=,1
NjcyMjY1NzQ5NDQ5NzUzMjU3Mw==,1
MTIzODA0MjMyMjU3MTMzNjA0OA==,1
LTE4MjA3Nzk0MjE3MzM1NDkxNDQ=,1
LTE5NjcwMjEzODc3MTQyNTcwNTQ=,1
LTc3MjgwNTgyODY3NzE4NzQ2NDQ=,1
LTg4MDU0ODAyMjE4NzY4NTAxNTQ=,1
LTI3NDYzNjA0NDM4OTM4NTA0Nzk=,1
ODI2Njc4MTEzNzAzNjU3MDU3Mg==,1
LTUxMjkzNjM3MjA3OTQ0MjY0NzU=,1
NjYxNjM4NzgxNTA0NzE1NDI3Ng==,1
ODk1MDc0ODM0NTU2MTU2NTExOA==,1
LTEyMjE1MTE1NDg3Nzk2NDAyNTc=,1
NDEzNzE5NTA3MzIyNzQ2NjYy,1
MTc5Njg0ODc0MDUxNDU3Mzcy,1
MTE4MzQ0NjQ2ODEyMzA4MzkxMg==,1
LTgwODk2OTI3NjQ1MTAwMTg2MzE=,1
LTE0MTUyMTg3Mzg2Mjg0Njc5MzY=,1
ODQxOTAwMTg2MzY2ODU0MDI5Nw==,1
LTE1Nzk1NjMwMzM5MTEwMDMwODg=,1
NDc5MDQ4MzAxMzQyMjc0MTcyMg==,1
LTE3MzczNzg1NDAzMzkwNTQ4Mw==,1
LTY0NTM0ODI3NjIwMzk0MTg5MTg=,1
OTE5MzI5Mzg1MTMzMzEyMjU1Mg==,1
NzU2MTQwNzg0NTU0NTA0NzMxMQ==,1
LTU1MzM1NTAzODM2Nzk3ODAyMDA=,1
LTc2ODA1NjQwNjgzOTk2Njk2MjM=,1
LTQyNDc3MTk2NDEwNTY4ODYzNTU=,1
MjgwMzYzNzg1NjQ5MTk3ODU4NQ==,1
LTY5MTkyNTI1NjcxOTcyNDkxNjI=,1
Mjg3NDY4NzYwNDA2NTE2NzU3NQ==,1
MjY0NDkyNTAwNjU2MjkzMjc5Mg==,1
NTc5NDAwMjQ4Mjc2OTk0NzI2MQ==,1
LTQ0MzM4NTYzNDkxMDU0OTMzMTU=,1
MTQ2MjkwMzUyOTAzMDY3MTgzOA==,1
LTc0MjE0NjA0MDg5OTgxNzkxNzc=,1
NjAzMjk4NTg4MTE3MDEzNzI2MA==,1
OTExMjk4NjM5MDc1OTMxMDg1NA==,1
LTg2MjM1NDEwNjEyODgwMDY5MjY=,1
NDc0MDYxOTE2NjMzMzU0MTUwNw==,1
Njg1NDA2NDQ5MDI5NTc4MjgyMA==,1
Nzg4NjcyMjY0NTMyNjM0MDU1OQ==,1
LTg0NDE1MzMxMzkwNzI2NTY1NTc=,1
NzE0NDIyNTg5NTQxNTE5NjMxOA==,1
LTQxOTQyNDUzNzU2NTcwNTgyMjA=,1
LTg5NzM2NDAzOTU3NTM1MjcwODQ=,1
LTEyMzU4Mzk3NDQ3MjIzNzU0MzQ=,1
LTE3NjQyNzQwNTI3MDIwMjA1NzE=,1
NjAyNjk5NzI4NzgwNDMxMDE4NQ==,1
ODc3ODQzMjYxNDQ1MTM2NTQ1NA==,1
NzY0MjM4MTQxNzIyMzU3ODE5OA==,1
MjkyNjk1MDU4ODM4ODQ1MjA3Nw==,1
Mjc5MTY0NTg5MjI1NjAzMjExOQ==,1
LTQ2NzAxOTk4NDI2NjIxNzkzODQ=,1
MzgxODM2MTA2Mjg2MTUxMDMzMA==,1
OTA0MTMyODY0MTk4ODAwNDExMg==,1
NjQ2NTMxMTM3MDg3NTAyODU3OQ==,1
LTYxNDkwNTA0NjY2MDcwNDIyOTc=,1
Njc0MzQ3Mjg0NzU2NjM3MDk3MA==,1
LTI3MjQxNTUyMzEzMzEyNTg3MzU=,1
NDM3MjExMjQ0OTg0MTM4NTMyOQ==,1
LTYyNDUzMTQyNTMwNTI1MTY3NDY=,1
MzM3NjM5NjY5ODYxNjYxMTUyMA==,1
LTIwNjQwNTIwNzMzMTQ1NjUxNzM=,1
NjgzNTg1MDY4MTkwMzI4NzY3NQ==,1
LTU5MDUzMDc4NjUyNDcwNTMyOQ==,1
MzY0Nzk4NDI1NTY3NDEyODQ3,1
LTM3NTM4NzMxNTI3NDE2MzA4Nzc=,1
LTQ2MjUzOTQ1MDAzOTYwMTgzMjU=,1
ODIwOTYxNzkwOTYyMDI4MzU3OQ==,1
MzM3NzcwODA0MjA4NzIzNTk0Nw==,1
OTE3NTkyODY0MzY0NjE0ODcyOQ==,1
NzI2NTM3NDU3NzMyNTMzNDcyNQ==,1
LTg2NDQxNzczODg4NzI2MTMwMTg=,1
LTc0MDY3ODI1MTc1ODYxMTc4MjY=,1
Nzg5NDEwNTI0MzgyMjU4MzAxMw==,1
LTE0MzU3NDY1NjQ2NTk5MDEyNDA=,1
NTA4NjAyMDI3NTQ5NTA3MDg5OA==,1
LTgyMTY4NzM4MDM5NDIyODIyMTk=,1
ODQ2MDI0MzQyMjQyMjEzMTk2OA==,1
MzA1NjY5MzY5MjAwOTM0NjM1,1
LTc5MzI2NTg4MTI4MTQ0NDUyNjU=,1
MjA0OTAzMzE3MjU2NzI0NjUxNA==,1
LTcwMDEwNTMwNjY3Njk0NTY1OTM=,1
LTc3ODg5ODU1NDg4NTQwNzIxNTM=,1
NTY5MjI3MzE5NTY0MzYxOTI3MA==,1
ODQ0ODgzMTg5Mjg3NzU5OTc0MA==,1
LTM0MTgyNjU3NjA5NTE5NzI3NTM=,1
Njg1MjAyMjM4Mjk4NDI2MjA2Mg==,1
LTI3MjY2NDg0MTE4OTA4NDQ1ODg=,1
LTI2MjI2NTA2NjA4ODM1NTM1Mjg=,1
LTM3MzAxMDAxMDI4NzUwMDk5OTY=,1
LTYyMTQ2MDgxNTE2NjU3MTc0MDY=,1
NDM1MjgwMjIzODA1ODIwOTE1NQ==,1
LTYzNjY1NzY2NjQzMTEwMTM5MzY=,1
LTcwMzEzMDE5NTEyNjg2NjA2MTg=,1
NTc3MDgzMDI4NDYzMDg2NjAx,1
LTg4NjcxNjg2NDk3MDA5OTYwMTg=,1
NjIyNTI1NzQxMjc5OTYwMzM4,1
LTI3NTE1MjMyMTg1Njg5MDU3ODk=,1
MzI1ODY0NTc1NDU5MjU1NDE1NA==,1
LTMwOTI4MTU2Nzg1Mzg0MzM2NTc=,1
ODQwNTY0OTkwNjMyOTAwODIyNQ==,1
MzU4NDUyNTkxOTM4ODcxMTkyOA==,1
NTUxNDgyNzg2MDY4NzUyMzA5NA==,1
NzQyNzk5MDcxNjQ1Nzc0MjUx,1
LTY4MTQ4NTk2MjUyODEyOTIwNTA=,1
LTgxNDI4NDk1MDQwNDE2OTMzNDU=,1
OTA3MDM5ODcxOTMyOTI2NTkzMg==,1
LTcyMTY2ODQzMzQyNjU4ODAwMTI=,1
LTU0NTY3NTQ0Njk1ODEwNTA2MDA=,1
LTQ1MzEwNTMyMjczOTc5MjkyNzk=,1
ODY4MzQ3MTU5MTMzOTIzNzA2OA==,1
MTYzMjQwOTMzODQyNzY0OTk4MQ==,1
NDMxMjQ4MDI3NjM5Nzk3MzQ3MA==,1
LTcyODcyNjI3NDQ3MzgzMDE4NTY=,1
LTQwMzE2ODA5NTg0OTY4MzM2NjA=,1
LTExOTM3ODg0MjU5NTYyNjQ5NTM=,1
LTc3MTI2NTgxODU2MzUzMzQ0NDA=,1
NjY0MDM5MzgxODA0Mjk1NTQ1Mw==,1
LTQ5MjQyMjgxOTYzNDg2Mjg3MjI=,1
NDg4MDg2MTc5NTQ1OTk4Njk4OA==,1
NDc2ODc0MjkxMTUwNTA2OTE=,1
OTIxNzU3NzY5NjczODQzNDk4OQ==,1
LTMwNTU3ODM1MzgyNTg4Mzg2NTk=,1
OTA4NDcwOTA3OTMxMzU3ODI2,1
NTUzMDM5MDEwMzg3NjU5MzQ1Mw==,1
ODgyNDA0NDI4MjI4MjYwNDU3NA==,1
LTUwMjUxMjU3Njc4Mzc0MjM5OTQ=,1
NTc1ODk1MTMxMTAyODk3NDAwNg==,1
LTE5NjA1MDcyNTM1MTEyMDA2NQ==,1
LTU4OTIzNzc3MDI0ODU5MDQwNjU=,1
LTE3MzQzNDY2ODQ2NDI0ODU4NzQ=,1
LTIxMjM2NjE1OTc4MzcxMDc2NDc=,1
LTEyMTkxNTY1MDM0MzMxMDk5NjA=,1
NDE5NjAxMTIzNjk3OTI4MTAyOQ==,1
LTUzODcyMjkyMjk5MTkxMzk0NTg=,1
NjE4NjQ0NjIwMzg1MDg4NTM2MQ==,1
MTg2MDg4MjU4Mzg5MDY5NzAw,1
MTg2MTI4MDA3MTU1NjAyOTE0,1
LTg5MTE3MTM4OTQ0NjY3NzIyODQ=,1
LTMwMjc5NjczNzI4MzQxMTczMjE=,1
NDY3Njc0MTAzOTE4MzUwODEz,1
LTIzMDkzMDExMjIxNjA3MDc1MzM=,1
NjcwOTQzNDkzNzgxNzg3NjUyMg==,1
MjUwMDQ3NDY5MzUxMDQ3NTYyNQ==,1
NjM5OTQxNDAzNDY3MzA5MjI2MA==,1
LTMzOTc0NDQzNzgxMDU3ODg1NTQ=,1
LTUwODgwMDg1MDE1NTY3MTk0OTY=,1
MjM3NDc0NjAxNTQzOTE3MzE0OA==,1
LTE2MDA5MDQ0MTM1Mzc2ODMwMjA=,1
LTUwODI3NjM0OTU5OTQ3MzE5NDU=,1
LTY2OTA5NjU1NzA3MTkwNDEwNjY=,1
LTg3ODAzMDcwMDU2MTc5NTI=,1
NTcyMDI0NDcxMzE1Njg5ODEwNg==,1
NzEyNTIxMTc5MTQ3MzI3MjQwNg==,1
LTU3MTIzNjU0NjI3MjA0Nzk0NDc=,1
NjU5MjQyMzQwMTA4MzUwODczMQ==,1
LTU5MzMyNzg3OTU3ODIxMTkyMDA=,1
NjEyNjU3MjMzNzM4OTI4MzM5Mg==,1
NjYxNjQ4Njk4MDY0MzE2NjA3NA==,1
LTQ3NDY3MTI2NTMyNzUxNTM5Nzc=,1
LTU0NzE2Njc1NzA4MTA5ODM0MjE=,1
MTg0NDUwNzc4MDY1NTQ5NTgzMg==,1
MzA5ODcyODMxNTU4MDQxNjA3MQ==,1
Njg1NDQzNzk1ODIyNDI5MTY4OA==,1
NjIyMzcwNTE0NDY3NzYyNTUw,1
LTI4NzIwODU3NTA5NTk1MDg2NDc=,1
LTg4NjM4NzUyNTgwNDM5NTAyNTc=,1
LTc5MTY2NTAxOTg2MDgxNTE3NTM=,1
NTg5NDAxMTY5MTY1OTgwOTI2OA==,1
NzkwMzAzMjAxNTQ5MDE3ODkyOA==,1
LTE5NDMxMDg2MTI3NjU1NjA2NzI=,1
MzE0NTI3NjUwMDUxNTM1MTA1OA==,1
LTM4Mjk5NzE0NDQ0MDQxOTAxMzM=,1
LTEyNTA1MTEwODU4ODE2NDAzMDc=,1
LTMxMDk2OTY0MDQ3MTk2MTg4Mjc=,1
LTIwNDY0Nzc1ODIzNjQ3OTk0MDk=,1
LTQ3MzkzOTcwMzQ4NDI2NzUzMjI=,1
MTIyMzUwNzQ0MDMxNzIwODg2Ng==,1
MzE3OTAwMTE2ODAyNTgxNTA5,1
LTEzMzg1Njc5MTczODYzNDgwMjg=,1
LTMyNzYwNjM5NDEwMDk1ODc2Mw==,1
MjY4Njk4Nzg1MzIzMjA0MTY5Mw==,1
MzA0OTM1MDcyOTIyNzA0NDE0Nw==,1
NTQ3MDgyOTI3Mjk1MDc5NDI0Mw==,1
NTMzNzQ2NTczMDg0NjA2Mjc3OA==,1
MzE3ODY1MDUxMDA5MzYzNDQwMA==,1
OTYwMTYxMDc4OTU3OTMzNTgy,1
LTQwMTk5ODYxODI2OTkwMzkyODg=,1
MzA3MjIwMjA1NDkwMDM5OTQ4Mw==,1
LTEyMDU5MDM3Nzc2Njk3MDEzMTA=,1
ODE2MTkzMjI3NzM0Nzk0NjYzMw==,1
LTM5MjQ5ODMwNjk0NDA3ODg5OQ==,1
LTI4MTk1MzQyOTQxMzUzNzU2Mw==,1
Mjc5MzA4Mjc2ODgyMjQzNDUxNQ==,1
MjY1MTIwMzE1MjgwMjMwODE0OQ==,1
MzU3MTI0NDI3ODIxMjg2NTM3MA==,1
MjQxNzM4MDY0MTA5NTg5NjY2Nw==,1
MTc0ODUyMjgzODk0MTE1OTcwNg==,1
LTc0NTQ2OTI0ODc0MzAzNTc4NzI=,1
NTAwMjg3MTExNDI1NjgwMzE1Ng==,1
OTAyMzE3MTc3NjY1NzIyNTE5,1
LTUwMTcxODU2MTEyOTM2OTM0NQ==,1
LTE2MDg3NTg5ODAwMzY2NDUyMjI=,1
LTIxNTIzODQ0NzE2MTE4NDkyNTg=,1
LTY0MTg1NDczODMwNzExMTYzOQ==,1
MzY2NjI5MDkyNTA2MDYwOTE2Ng==,1
LTg2NjUxMzkzNzY5MjcxNTM4NDg=,1
OTA1MDA1OTYyMzYzNDYxMDM2Nw==,1
LTUyODcyODYyOTMxOTMxNjY0Njg=,1
LTEwNTA1MjI0MDUwMjU3MjEyMDI=,1
LTMyODIwMzg4ODUxMDI0NDIwNjM=,1
LTg3NjM3MzE5MDI1MDE3ODIxMDU=,1
MjIzMDUwNjM1NjQwMzQ4NzYyNw==,1
NTA3OTI1NDc2OTg5MTg4MTc5Mw==,1
MzMwNjAyMzUwODI0MzE4NjQxMA==,1
NTY0Mjc4MTUzMTI4MzIyMDMyNQ==,1
LTM5MzQzMTk1Nzc1NjgwMjYyNjM=,1
LTIxNjIzNDU5NDc2MTQ3NDQ1MTk=,1
LTY4ODcyMzEzODU1NjAxNzMyMDI=,1
NjU2MDkyMTIzMDIwMDUzODY2OQ==,1
NDU0NTkyNzM2MDg5NjU3MTgwOQ==,1
NzMwMDM3MDc5Nzg5NzE2NDIwNQ==,1
LTQzMjk1MTUzNzQ1NTkzODAxNjY=,1
NTM5MTg5OTgyNjA3MTk2NTgwOQ==,1
LTUxMDQ4Njg2MDc4MDM2NDY1NDg=,1
MjAxOTI5MTI2MDE2MzU5MjQ3MQ==,1
ODMyNzExOTYwMzUwMjUwMzczNA==,1
MzI0MzExNTc5NzQ0NDAxNzE3,2
ODUxOTg5NDYzMjU0Nzk2NzYzMg==,2
LTYwNjE1MjY0NTYyOTUzNDEyNDY=,2
NTczMzU0NDgyNDAxMjAwNDM5Ng==,2
NDExNjk5NDExMDI0NjQzNjE0,2
ODUzNDY0NzQxNTI1MzcxNDcwNw==,2
MjE0MjYyNjA5NDMzMzk3MjkwMg==,2
LTM0MzIzOTU1MzIyNTY3MTUzMjQ=,2
Nzc1NTUzMzY0OTQwNzk0NjU4MQ==,2
LTg2NDc2Mzg4MjA4MTYzNDUyNTE=,2
LTQzNDQwMDMxNTg2MzQ4ODQ1NDY=,2
LTU3NTU1NTgwMTE5NjQ5Mzg3NzM=,2
NjgwMzUxMDc0ODU5MTI5NzM5Ng==,2
LTE1NjA3MjQ1Njg4NzAzODQ5MTE=,2
LTI2NTQ3MDIxNTk0NDEzMTcyOTA=,2
LTIyMzAxOTc2NjgwMzM3NDczMzc=,2
LTQ0NzYyMDg0ODk0MDM0OTc1OA==,2
LTM2OTUzMDg1MDE0MTg1NTExNzg=,2
NDcyNDI1NDA2NDg4MjM5NTA=,2
MjI3MDI2NDAxMTEyNjM2NjAxOQ==,2
NTczMDAyNzg5NzM3MjQxMzE3OA==,2
NTc0MTk5MjkzNDE0MzEzNzQ3MQ==,2
LTEzNTUyMzk3ODAwNTU3NjA3OTQ=,2
NjIwMzU5NjI2NTU0Mzg1MzcwNw==,2
MTA3MDY2MDY5MjUxMjkxOTM2NQ==,2
MjUwNzk2Nzg4MzAwMDg0MDMwNA==,2
ODMxNzkzOTAzMzU5NTY4ODE0OQ==,2
MzUzMDY2MDcwMjU3ODc4NjA2MQ==,2
NTI1NDg2MTg2NjU2ODgyOTI1Mg==,2
NjA3MTEzMjM0MTg1Nzc0NjgyOA==,2
NjAyMDkzMzQ0MTQ2NDQxNTI2MQ==,2
LTE1Njc5Mzg3OTcxNTUwMzQyNDY=,2
OTkzNTAwOTAyNjU2ODYwNzI=,2
NzgyNDY4NDI4Mzg4MTI5MzQ2,2
NDI0MDg4MDc4MTE3ODA0MDY3Nw==,2
NDEyNzEwNjQ4OTcyNjQ3NjM4Mg==,2
NTQ0NTA2MTQxMDYzOTY3OTU3MQ==,2
LTY5ODYzNTU1OTU0MDAzNTgxNzY=,2
LTEyMzEyNDY5Nzg2MDcxNDA0NTk=,2
MzAwNTAzNTY0NTA2NDU1MDA3OA==,2
LTMzODg5MzQxNTQ1MDk3ODMwNTM=,2
Mzg2MDI5NDU1MTgwNTQ4NDY4Mw==,2
LTM3NjU0NzkxMDg2OTU4MjE4NTA=,2
LTg3NTkyMTg4NzUwMDgzNDg0,2
LTgwODc5MDM3MDAxOTI1NjYxNA==,2
LTg1MDU1MjI4OTgzMDU1Nzg3NDA=,2
MjcxNDg4ODkzNjYzNzI3MDg5MA==,2
MTY2NzIzMjk0NjIxNTE4Mjk5NQ==,2
LTIzNTYxOTA0MTg5ODU1ODkwNzY=,2
LTg4MTg3NzA5MjkxNzAxNzc2NTE=,2
NTk0ODU4MDM5Mjk4OTAzNTQ3NA==,2
LTMyODcxNDU1MzY5OTQ4NTAxNzM=,2
NTg2MzgxNDU5MzkyODY3ODI3NA==,2
MzIxMzEyMzMxNTU4OTY2MDYzNA==,2
LTY2NDkxMzQ4ODE5MjA2MTQzMjg=,2
Mzg5Mjg4Mzg2ODE2ODY1ODU3Nw==,2
ODY4Mzk4NTE5MzM5MTY2NDUzNQ==,2
LTQ4NDMyMzMzOTY1NjIxNjg1Mjc=,2
LTI4NjM5OTI4OTI0NTg2MTYwMDk=,2
MTUwNDk3ODAwMTUwNjA2MTEwMw==,2
NTU5NDYzODUzMjQ5NzgwMzk1Nw==,2
LTYzNzYzMjgyOTEyMDA2NTIyOQ==,2
LTUwNjY1NjQ5NTc5NzM5MzcyNjQ=,2
NTc3MjkzODMyMzMyNzk2MjQxNQ==,2
LTM3MjgzMzIyOTA0MzU5NjA2MjA=,2
LTI5NzY5NzYwNTAxMjMxMjEzMzU=,2
OTE5NTk3NzMyNDk0OTYwMDQ0Mg==,2
MzcyNjYzMTA4NTU5Mjc4OTc4OQ==,2
MTk3Mjk4ODkxMjg4MDQxNTUwNg==,2
ODM5MjU4NTE4NjE1MDQ4MTU5NA==,2
NTUzNjc5OTE2MzE3MjIwNDYzNg==,2
NTczNDg3MzAzNDI5NzcyMzY3MQ==,2
NDAxNjU1MjYzOTU0NTAzMDcwNg==,2
NDM1MTgyNzk0NjIxNzIyMDk3,2
NjA4ODk0NzI1MzE1NTE2NDc5Ng==,2
LTE5Nzc4MDU2NTEzMDExNTE3NjU=,2
LTEzOTcxMTMwMzM3MzQyMzIzMTM=,2
LTMyMjY4NzgzMDY2NDEwNzMwNTI=,2
LTEzNzcyODg4MDQ3NTg2OTg5MzI=,2
LTg4ODQ2NTM2Nzg5OTU5MjUyNTU=,2
LTE0NDExNzIzNzg5NTg2OTgxNjk=,2
LTcxODQwMzA5MTkyMzU1OTExNDM=,2
NDAwNjkyOTgyMDA5NTk2NTYyMg==,2
LTgxMDEzNjM2NDY4ODQzOTAxMTU=,2
LTYwMDQ5MDI2MDk3NTczMjkwOTI=,2
LTg4Mzk0NDQ5MzgyMDUwODY5MzM=,2
LTg0Nzk3Mzk1ODE2ODY2NTY1ODc=,2
LTIzOTQxNzAwNDc2ODgyMzE2NTg=,2
LTIyMzQ5OTE0Nzk3NzAxMjY0NDc=,2
NTMxNzUwOTgyMjE4NDY2NTk5NA==,2
LTEzOTQ1NzM2OTUwODk1MTIxMzI=,2
LTI0NzA5MTA5NzQ0Nzc0MTk2NzM=,2
NjQ0NjMzMzg0MjQ0NDExOTgxOA==,2
LTUyODgzMDA2OTE4MjgxOTU5Mzg=,2
OTM4NDY5ODA5NDg1ODczNjc1,2
NzI2ODgyNjExMDYwODI5NzM0NQ==,2
ODQ1NDc1MzEyMDYyMjc2NTM1Mw==,2
LTYxMTMyODAwNjg5NTY0Mzc4MjQ=,2
LTIzOTIxNTU3MjI2NzU5MTIxODc=,2
LTUyNDI3MzcxNzU2NDEzMDY5OTg=,2
NjMwOTg1MjY0NzU3OTM1NzgzOA==,2
OTc2MzM4Mjc4NjkwMDQ2MzEw,2
LTU5MDMxMDkxMzkxMjg2NDg2NDU=,2
Mjc4MzEyOTQ4NTcxMTY5OTgwOQ==,2
LTY0MzA0NDY3NzUzODM3MTUyODA=,2
LTcwMzU5ODg2MzU5MjQxMDgyNTA=,2
LTE2NTk0NjMzMDExNzYxNzg1MjU=,2
NjA0NDMwNjI5MDA5NDQ0OTA4NQ==,2
LTMwMjQ0NTgyNDk0NzQ3MDAzNzA=,2
MzEwNTM3OTkwNDM3NjIwMDAzOQ==,2
MjQzMTA1NTM2MzA0NDAyNzM3NA==,2
LTc4NjE5OTUwMjEzMTUzNDM4NzU=,2
NjAxNjgzNTQ0NDMzMzk0ODY2MA==,2
NjE1MDAzNDcwNjQ1Mzg4MTk3MA==,2
LTU3MTg3Mjg4MjQ1NTU1MzIwMDk=,2
LTMzOTY2OTU2MjUxOTE0MTk5Nzg=,2
LTQ5ODI3NjU5MTQ3OTQ4NTAwOQ==,2
LTQ1MDU3MTAyMTQ5OTA2OTEyMDI=,2
MjUxMTY5MjMzNTE3ODYwMDA2NA==,2
LTczMTQ1NzE3ODg2OTA2NTcwMTM=,2
NDY0MDE4MDkxMzc0NDA1MzcwNw==,2
LTY4NjA0MjkyNTY1MjY0NTUwODc=,2
LTE4NjEyODI0MTk1NzQ1NDE4Nzk=,2
LTg3MzIzNTg1OTMxNjg0MzcyNzI=,2
NDkxNjkxMjkzNzMxNjYzMzY3Ng==,2
NzExOTQ1ODA4NDMzMDI2ODU5OQ==,2
LTg3NDcxMjIyNjIwNjgzNjUwMTA=,2
LTU5Mzg0NjMwOTE0MTM0NzA5NDg=,2
ODg4MDk1MTMzMTU1MjY0OTg3Ng==,2
LTI0MTQyMzU2OTg3NzI1Nzg4MDg=,2
NTY0NDk2NTE4ODEyNDYyMzEyNw==,2
LTQ2NjYwMjc1MzYyMDMxMzg5NDc=,2
NTY2NTAxMjc2NTk5Njg4OTg3Ng==,2
LTgzNjgzOTc3MDE3MTYzOTQzNA==,2
LTY2MzQwNzAyMzgyMDg5MzAxMzc=,2
LTU0NTAyODY1MzMzNjEwNzUwODk=,2
LTYyNDY1MDYxMzE4NDI4NjczMDY=,2
NTc4MDU2MDIxMTc1MTA4ODM0MA==,2
OTA0MzM3MDMwMDA1OTgwOTA1Nw==,2
LTUzNTkxNzk3ODgzOTc5Nzc1Mjg=,2
LTEyMjE2MjQ3NDU0NDk5NzY0MDU=,2
LTQzNDQyMTgzNTkxMzc1NDM3MzE=,2
ODY4MzAwODkyMzEzNjk1NTIwNQ==,2
MTY0OTU2NTQ0NDU3NDQ2NTUwNg==,2
LTgwOTI0OTI0NTMwMTkyMjM1NjE=,2
NjYxODc4MjYwNzU2NTYwNDM2Mg==,2
LTU2ODAzMjIyMjY5MDc5NTc0OTc=,2
LTMzNjcyNTkyODI4NTg3NzYzMjE=,2
LTY5NDk0MzMxODY1OTg2NzQ1NjU=,2
LTc1NTUzMDI0NDkwMjc1MTA3NDg=,2
MzQ5Mjc0MTUyNjQzNjQ3NzU1OA==,2
MzE3OTQ5NDAzMTk2NTE4NjE0,2
MTkyODQ1OTI0MzU4MjQ1MzIwOQ==,2
NTQ5NDYzNzUxOTA2ODc0OTEzMw==,2
ODk5NDYyMjQ5NTc4OTYyODgxMQ==,2
NTMxNzY1MTA4MDY3NjIxNDkzNw==,2
ODYzNzE2ODI4MDI1ODk2NDg2,2
MzU0ODI1NjU4MjA3ODMzNzMxNg==,2
ODc0MDg4MTkwMjIyNjY2NDczNA==,2
LTgzMjQ1MjE3MzI2MzYyNzA2MTI=,2
MTQ3NzE2NjAwMDE3NjM1MDQ5MQ==,2
NzY5NDcxOTQ2Njg3MzMyMjY3Nw==,2
ODUyNjcwMTUxMzExMTM2NzU3Nw==,2
NDY2MzUzODY1MDAwNjgzNTA4OQ==,2
LTM3OTIyMDgyMTU3OTU1Mjg3NjY=,2
NzY1MDgzNjQ2ODQ2NjU2NTQxMQ==,2
LTI0NDEyNTU4ODE3OTgwNTg3MzY=,2
LTE4NTE4ODk4NjMwOTI4NDcxOTg=,2
LTgzMTYyNzA1NTAzNDE3OTc5MTA=,2
LTUzOTg0MDMwNjgxNzUxNjI2ODU=,2
LTYyMzgwNTk0MTA3NTkzNTI3MTA=,2
LTQ1ODQxMTAwMjcyODM3NTcwMTE=,2
LTczMjE4MTc0NzA1OTY3OTc1Mw==,2
LTgwMjg0NzgxNTMxNjUyNjc5MzU=,2
LTM3NjkyNzg0MTk5Mzk4MDY3MTU=,2
NDE2ODk4MTUzNTUxMjg5ODM4MA==,2
MTY5OTQ3MTI5MDA0OTkyMTU1NA==,2
LTYyNDk1NzIwODUzNjMyMjExMjM=,2
NTk3NjkyMTc2NDg0NDQ5MDcxOA==,2
LTE1ODE2NDgyNTMwOTgxODAxMTM=,2
NTk1Mzc3NTg2NzU2NDA3MTI2MQ==,2
NzgxODM4MzQ5NzY2OTc5MDUw,2
LTU0OTc4MDMxNTg4ODI0Mzg0,2
MzQ2Mjg0NzMzNzE4MTY3ODE5Mw==,2
NzM1MjY1MDIzMDgzMjMxNTEzNQ==,2
LTIzMzk0NzMzMTk5MTA0NTQxNTM=,2
LTg1NjAxODgxODI5MDk1NzY3MTM=,2
LTcwODcxMTQwNzYwNDM4NzQ4NDE=,2
ODc1ODAzNTcxNTkxNzYzNTQ1Mw==,2
MzkwNzY2OTIxNDg3MzI1Nzg0NQ==,2
MzUwNzUzNDM1NjI4NjkzNTI4MA==,2
LTM3NzA3Njg4ODA2MDAwMDYxODU=,2
LTM3MzI2MzI5MzczODgxNzUwMjY=,2
LTYwNzA4NTQyNjg3NTAxOTk4NTA=,2
MTkwMDg1NTA3ODIxMDE0NDIzNg==,2
NzkwMjc1MTU5ODM3MzY1Mjg3Nw==,2
LTI2OTQwMDA3MzY3NzU3NDY3NzQ=,2
MjA4NTAzMTYwODgyMTMwMDQyMw==,2
LTg1NTI2MTkyODgyNzUwMTAwMA==,2
LTgwNDgzMDExNDYwMjg5NjY4MjU=,2
Mjk3OTk4MzQxNjk0MzY1ODExOQ==,2
LTE0MTIwNDQ5MTMwMDk3NDUzNDE=,2
Nzg2MTYyMzk1ODA5MzI2ODY4Mg==,2
NzYyNDE1MDc2MDg1ODk5Nzg4MA==,2
LTc5NjY2NTc0NTY5MDAwNTY2MTY=,2
NDUzOTU2MTc5Njk3ODUxMDA2MA==,2
LTM2NDA1MTk0MjUxNDE5MDg5MzE=,2
MTg5NDc2MDQyMjQ2MzgxOTcyMg==,2
MzY4MDg0OTcwOTQ1MDgxMTMyMA==,2
LTY1Nzg5MTAxOTE3NTE2NzY5MTY=,2
MzUyMjMxMDE5MTAwMTczMDE2Mw==,2
LTE0MjUyNDIzNzYzNzc4NTA2ODA=,2
LTIzMDAyNjM3MzYzNzM1NjMyNDE=,2
LTcwNzI0MDgwNjA0MzQ1NDg1MzQ=,2
MzY2NzY3MzE3NzkyODMzMTIxMA==,2
MTU1MDU2MzA5NTM0MTc4NTc1Nw==,2
ODM2MjU0NTI5OTU5OTQ1NjI2OA==,2
LTQ1MTI3NjQ1MzM0NDEyMDYwNg==,2
LTQ1NzE4OTczMDMxNzYxNTkxMzQ=,2
MzYwODM4MjYyNjE2NDE4ODEzNQ==,2
LTQ3MjUxNjcxNTQzNzQ3NzY2OQ==,2
MTM0NDc1OTQ5MzIzNDc5MzUzMg==,2
ODcyMjg1NzExMTQwNzQyNDA1,2
LTI2NzQxOTk5MDQwMzczNDcyNDc=,2
LTQxNzA2NDAwNjIwMjAyNDMwNTU=,2
LTY0MTA1NDkwNzEzMjI1NDM3MTU=,2
LTQzODA0ODM2MjY2ODY3OTU0Mw==,2
LTEwMjcyODkwODQyNjYzNTc4MjU=,2
NzYxMDgwODU2MTk2NTQwMzQwOQ==,2
NDkzMjc5MDM4NzU5MDQwOTgxMg==,2
LTYxNDQ0NTMyMDQ5ODIzNzkyMjM=,2
LTc2OTk4MTgyNTIwMTkyMjA2NTY=,2
NDA0NzI2NzQwMzYzMjY2Nzcy,2
Mjg5NjczMzE5OTE1NDMzMDc3NA==,2
LTgzNzU2NTI0ODAxMzk5NzAxMDA=,2
LTg0MzE2NjIzMTY5NjQ4NDcxMjM=,2
LTcxOTU3NzUyODczOTg5NjQ0NjM=,2
NTEwNDI1ODc5MDg5NzU3MDIzMA==,2
LTY2NDQyMTM2NzQxOTM0NjA2NTE=,2
MzM5MzMyNzEyODg2NTc4ODU5MA==,2
LTY3NjkyOTMwMTEyMzE5MDk5NzU=,2
LTYzMzAxODg0MzM2MTEwNDA4NTY=,2
LTI5MzQ1Njc4MDM0MDM0MTc4MDE=,2
NDA0OTE1OTEwODY3ODA2MDAyNA==,2
LTgzMjQ4MDEzOTc4Nzk2MDI5MDE=,2
NjkxMzA4NTAwMDE2MTYyODI1Mw==,2
LTQ5MTYzMjcxMjMyMTQ1MzUwNDA=,2
NTkwMTkxODU4NDI5NTA2MjYzOA==,2
LTYzODk1ODk0MzMzMDAyNzczNTE=,2
OTA5NTI1OTI1MDcyOTYwODQ4Mw==,2
LTI5NzQzNzc1NzIyMzY1NTAwOTE=,2
NTAxNTc2NjE3MTQwMTE0OTMyMQ==,2
MTExNjA1MjE4NDIzMDk1Mjc1,2
NTU4NTExNDM4ODU0MjQ0NTAxNg==,2
Nzg0Mjk0MDc2NzI3NTIyOTkzOQ==,2
LTQxMjg5OTEzMTQyNDQ0NjAyMTk=,2
LTUwOTY3Njk3ODI3ODAxNTk4Mzk=,2
MTY3NDg4NTM4MTQ0NzQ5NzcwNg==,2
MTM2NDU0ODA3MjgwMDEyMTU3Ng==,2
LTg1OTA1OTI0NTcxNjM0NDEyMzA=,2
ODE0OTIwNDcxMTE1MjEwNDA4OQ==,2
LTU1MTc3MDEwNDQ1MDgxMDk0Mjk=,2
LTE0MzY0MDcxOTY0MDc5OTY3MDc=,2
MjI0NTQwODI5Mjk4MjU2NTI3Mw==,2
NTQ3Mjg5Nzk1OTc2NDY2OTQ4,2
LTI3MDUxODg0Njc2MjM2NTQ5Mzg=,2
LTc4MDYzNzQ5MDkyNDgwODY2MDQ=,2
LTczNDUzNDE0MTAxMTM0NTU5ODQ=,2
MTU0MDMxMjMxMDA1ODYyMjEwNQ==,2
LTY1MDUxNDI1NjU0NDU0ODUyMjY=,2
LTYxMDA4MTAzNjYzNzYyOTgyOA==,2
MTMwODg4NzgxMDMwMjM2NDkwMw==,2
NDg4MzExNTg0Njg0NjI5MTY=,2
ODc0NTM4MjEzNjcxMzI0MTgzNg==,2
MjU0MTY2MjU3NTg4MDMwNDk1NA==,2
Nzc2NDU0Mjg0NDg4OTc2NzA0Nw==,2
LTc3Njk3NTc4MTQzMTA5NTIwODg=,2
ODM1MDA0NDI3Mjc4MjAxNTA5OQ==,2
LTg3NjQ2MDY4MzkxOTE0NTI1MjI=,2
LTg4NTYyNzAxNTY5OTc2OTkyODI=,2
MzI1NjU5MDE3NjI3NTIwNDMyNQ==,2
MzA3ODQ0NjAyODkyMTQ5MDcxNA==,2
Mzk2OTExODkwMTI5NDc3OTA5Mg==,2
LTg3OTcwNjE5MDIyNzU1NTk0Nzc=,2
NTg5ODQwNzA5ODk4MDg0MTQ4MQ==,2
NDM5OTk0NTM3NTk2NDQ2ODEy,2
LTQ2ODg1Njk4MTU3Nzk0Nzk0NDI=,2
LTM1MjQyNjU0MjgzNDM4MTExNTI=,2
NjMwOTk3MjQwNzQ4MzU3NzUyMQ==,2
LTMxMTQyNzk0MDA0NTg4NTk2ODM=,2
MjMyMjgzMjYwNzM3MjExMDQwMQ==,2
MTA4ODE4MzU4ODk2MjYwMjM2MQ==,2
NjQ5MTkzOTgzMDcxODk4NTYzMA==,2
MjQ0MTMwODIxNjMxNDQ2NTg3OA==,2
LTcwNzMzODEzOTE4MTcxNzEyMw==,2
NjcxMTM2MjE5ODA5NTcyMTI3MA==,2
LTU2NjE2MjYwODI3NTA0MzA0MjE=,2
LTgxOTYwMDM3ODM1Nzk4NjM1MjM=,2
LTc0OTg1MDgzODc5NzYyNTczMTA=,2
LTc0NTU5NDIzODMxMjkyNzc1MTQ=,2
LTM4NDAzMjk3NzU2MjQ3OTIyMjE=,2
LTcyMjEyMTU1MDA2NTIxNzg0Mg==,2
ODI1NjY5NjMzMTAwMTM1MDYxMQ==,2
MTM3NTU2OTE3MTA5MTIyNjUyNA==,2
MTU2MDcyNjYzNjYyNzE4MzM0Mw==,2
LTk1MDQ3MjA2ODg1MTQ0ODI4MA==,2
LTcxMTU1ODIyNTIzMjU3NzMwMzA=,2
NDQ0MDkwMDM0Mjc2MjkzOTg3OA==,2
LTkwOTgwNDk0MDkxNzY4Mjc2MjM=,2
MjgzNjc4MDcyMzIxNDc1MjgyOQ==,2
LTM3ODczMDk1OTY2MDM2MjcxOTk=,2
LTg1NDIzNzEyMjQ4OTY4MDIwNw==,2
LTk5NzIyMTkzNDczMTE4Mjg5MQ==,2
LTMyNzI5MTAzNDQ2NjY3MTA1,2
NTk1NTc3MTY2NzQ5ODU1MTUyMQ==,2
LTQ3MTE5MDM3MzI2MTExNDYyOTM=,2
NzUyMDgxNDAzNDYyNTcyNDM4OA==,2
LTIzMzgxNzY1MzExNzU3NTM2MTU=,2
MTAwMjQyMzM1MDMxMjAzMDg0Mg==,2
NzY5MjUyNjE3ODI2MTQyMDgwMQ==,2
ODI5ODk4NDM3MTk0NDM3MTY1MA==,2
LTIxNDQxMDQ0MzE2MzU4ODI2MA==,2
LTc5OTQ0NzE2ODY3NTM5NDgyNDc=,2
NDE1Mzc3OTU1OTk2NDYwMDI4,2
LTEyNTMzMzYxNjU1NzEzNzEwMTI=,2
LTI1NTU4MDIxMDAwMjU3MjY0ODY=,2
NDUyMzcwMzEzMDg5MTUxMTQy,2
MTEwMjUyNDUwMTMxNDg1MTA4Nw==,2
LTkxNjE2MDA0MDk1OTI4NDI3Mw==,2
LTM1OTYxNDI2MjI5Mjk0MzM4NDk=,2
NzUwOTEwMzM2NTQ4MDY5MDAzNA==,2
NTU3NjQzMjQ1MDkwMjc5NjIzNA==,2
LTI1MDExNzY0NjY2NjQ5NzYwOTE=,2
ODIyNTI1NzM1NTgwMzIwNTAx,2
MzMxNzA2Mzc0MDk2NjU1ODI4MA==,2
OTEzMDE3Njc1MTQ3MjgxODY4NA==,2
MzU0Mzc5OTA5ODcxODk3OTg3Mw==,2
LTE1OTIwODEzNTAwMTEwMDA0MjA=,2
LTg3NDMwMDU5ODQxMDE5NzcyNDU=,2
LTY3MjMyMDE5ODUyNTU1NjAwMTc=,2
LTY2NDkyMzcwNzczMDExNjI1NzE=,2
MzMwMjkzNjI5NzM5NjY2Mzk1Nw==,2
Nzg4NTc0MTk0MzExMzQ0NzExNA==,2
LTI5NTA4NjUxNzc3OTczNDMxODc=,2
LTQyNDYwNzc4NjAxNDI1MTMwNTg=,2
MzgyMzEzMTEyMTA5Nzc1MDE3MA==,2
Mjg0MDgxODgzMDUyOTk3NjE2OA==,2
MjUxNzY0MTQxMTEwOTc4MzQwOA==,2
Nzg1OTQxMTkyODA5OTU2OTA2Ng==,2
LTE2MjYxOTg2ODczMjQ4Mjg2MQ==,2
MjU5MTAxMTA4NjU3MjQ5MzAzNA==,2
LTgzNDQ0NzgzMjExNjkyNzgzNDg=,2
LTUyMTM2OTQ3OTUzMTk1OTI4NTI=,2
NTc4MzI1NzkzOTkwMTcyNjQyNQ==,2
LTIxMDk5NzY2NDMwOTg5MDMzOTA=,2
LTM5MjcwNTYxNjc4MjQ0NDk0NTE=,2
LTUzMTI3MjgwNTY5ODA1MDQ3NDc=,2
NTcxMDM5Njg5OTgwNzgzMjM5NQ==,2
MzMxNzI5MDMwMzkxODg2NjU5MQ==,2
LTkxODY5MDIxNTQ0ODE1NTIwODU=,2
LTMyNzc1MDE5MDMyNDU0NDgzOTA=,2
LTM5OTA3MDIzMTg0ODQwMDkzNDY=,2
LTQ1MTYyNzc3NTU3MzUxMjYxMQ==,2
NjMyODA1NDkxOTA0NTkzMDI3NQ==,2
NjY0ODU1MzQxOTA1ODczMzUwMw==,2
NTU1OTIxNTIyMzg3MzAxMTE4Nw==,2
ODY2ODg4MzAxODkwMzU5MzM1NQ==,2
LTI4OTg5NzUyNjk5MTY0NTI5MDM=,2
LTgxOTczNjg2NzQ1NDYxMTQ2MzU=,2
LTY2NDM4MDgxNDUwNDUzMDA4ODY=,2
LTU1ODAyMDUzNjk2OTI4Mjg3ODQ=,2
LTc1NTgwNjU3ODk2ODk2NDYwOTk=,2
LTExNDgwNzAwNjk3MDg0MDE2OTQ=,2
LTEyNTk5NjkyOTU4NzgwMjcyMzY=,2
Njg3NzA1NjA1NjUzNTI0NDE1OQ==,2
LTUzMjU0Mzc0NjI3OTg1MTk5NjM=,2
MjMwNzg3NTQ5ODQ1Njg1MDg0OQ==,2
NDQ1MTU1MjkzNzIyMTIyMzE1Nw==,2
LTg4NzA4MDQ3MjY0NjYzMzYw,2
NDk3NzMzNTA1ODAwMDE2NjM4,2
MjAxNDk4Njc1OTU3ODQwMjAzMQ==,2
MTY2MTg2MjMwMzQ3Mjk3MzE0OA==,2
MjczNzY4MDU1NzYzMzE4OTUyOQ==,2
LTI3MzQyMzc1MjU3OTY2ODgxNjA=,2
LTg1OTY3NjA3MDI0NTA3MzU2MDU=,2
OTIwMTM0NTQ2NDY0NTY2MDg5Mw==,2
MjkxMjQwNzE3MTIwNjEwNTQzNw==,2
MzU4NjE3MzIyNjk0Mzg3NDIxOQ==,2
LTU1NDA2OTk5Mjk1NjMyODU3OTk=,2
LTUzMjk3MzI2NTczNTg3NDk0ODQ=,2
Nzc2NDM1MTQyMDA0OTMzMTI2NQ==,2
LTg0Nzc3NTY3NTk2MjYxMTcxNDI=,2
NTIwMTQ3Njg1OTMwNjQyNzcxNw==,2
LTMwNjMyNDYwOTM4MDczNTQ1NDc=,2
LTUzMjAyMjE0ODk3OTE1NDUzMTc=,2
LTcyMjUwNDAxODAwMTcwNzk4NzU=,2
NDE2MTE3NDk1NzA0MDUzNjIx,2
MTcwMDU0OTc0MzgwNjMyNDcwNw==,2
NDA2NTA3MzMzMzIyNTYzODgwOQ==,2
LTcyNjAzNzk3MDY5NjU1OTMwOQ==,2
ODIwMzY3NzM2NzgwOTYxNTY4OQ==,2
ODc5MjUyOTIzODM5NDExODQwOA==,2
LTY1MjE5Mzk1Mjk0MDI5NzU1ODE=,2
LTE0ODc5NzMzMDI2OTUwMjI2ODM=,2
LTU4MDE0NDk5ODc2NDA0OTI0Mzg=,2
MjY0MjAyOTU4OTczOTc2MjQzOQ==,2
MzUzMjgzOTY5NzA1NjY3Nzg3,2
LTMwMTQyODkwMTEwODY4NTQ4MDE=,2
NzUwNDY1MTY2NzM3NzIzMDYzNg==,2
LTc5NTE4ODA1MzAzMjM4NjQ0MDM=,2
ODM4NTU3OTUyMDMxMTQ5OTE1OA==,2
LTIwNDQ5OTIwODMwMDgyNTM1NTU=,2
NTIyOTAxMzk4MTk2ODM3NTgxMw==,2
ODQ4NjE1NDMwNTU0NzM0MjM4Mw==,2
MjYzMTg3Mjc4MDk4ODI4NDIy,2
MzEwOTQxOTkxOTQ0NzgzNTEzMA==,2
LTg0ODAyOTc0NzUxMzUxOTI2Njg=,2
NjQ3OTkzNjg2MzYwMDY4MDg5Nw==,2
LTI1Njk3NjAyODQ0MjE3NjA1ODI=,2
MTI1NzAyNTYxMzMzNDAzOTUzOQ==,2
LTY1NjA5MjE0MDg0NTg2NDU5NDY=,2
NzEyMTk3MzgyODk4NTI4OTcwOQ==,2
LTg1Nzg2NjU0NzE2NjIwNjg2NDY=,2
NTg4MzY3NzAxMzg1NjEyMjkwMQ==,2
MTgwMTIwMjU1NDY3OTIzOTYyNg==,2
MTMyMDI0NjgzNzE3MTEyNDMwMw==,2
LTQ5ODMzOTI5MTc4Mjc1MzkxNTI=,2
MjYxNTAyNDY3Mzk4MTc5NTU3OQ==,2
MzQzMDg2NzI5NzkzOTcxNzY3NQ==,2
MzUyMDMyNTk2MDY0NzUwMzc0OQ==,2
NjY1ODc0ODE3MzE3MDc0MzE1Ng==,2
MTI1OTQ1NTI5MjMwNDY2NTA5Mg==,2
MTc4MjE5OTg3OTA5OTQzOTg0OA==,2
Mjg5MDA5MTQyODMwNTgzNDA1Ng==,2
NjAzMzkzMzEwNjIyNDcwODAx,2
NzE3MDE1NDI4ODExMDA3OTU5NA==,2
NjM1OTM0OTQ2MjA3MzAxNDkxMg==,2
ODUzMjUwMzYzODM4NDk2MzU4MQ==,2
LTYxODA1NDkyNjcyOTQ0MTk2NDU=,2
LTQxMDAzODcxMTMxMTIyMzgyNTY=,2
LTg2NzkwNTk1NzExNzE3MDQxMjc=,2
LTM0MjY0Mjk0OTM1NTM0NzM3Nw==,2
NzcxOTkyOTEyNDE1MTczMDg4Mw==,2
LTUwODYzMzcyNzM3MzUyMTczNTA=,2
LTY0MTc2MDExNTEyNjk3NDIzMjk=,2
LTU1MjM0NTM1NDQ5MTMxNDk2MjQ=,2
LTc1NTAxMDI3OTk4MTMxNTAwMzM=,2
MzYxNzI5NTM2NjIxMDQxMjQ2OA==,2
LTY4MDg1NTgwOTA2NzYzMjc4NDE=,2
NzEyODM3MTM2Njk3Mzk0NzE4NA==,2
LTYwNTg2MTA1MjIwOTExNTkxMzU=,2
LTM1NTk3NTIwMDAwNDgwMTA1MzE=,2
Mzc0MjIzMDI3NzU2OTU5NjQ0Ng==,2
MjIyMjU0NjY2ODUwOTE4Mjk3NQ==,2
ODE1ODQyNzIwNjM0OTAzMDk3Mg==,2
LTE2MDQ0NTI1NzE4MzYzODgwNTI=,2
MjAyNDg5MDU0NDg0NTA0MjkzMQ==,2
ODc0MTQzMjEwNDAxMTA3NjAxMw==,2
MTI4NDcwMzk4NzMyNzQ5NjcxMA==,2
LTMzODM5MTkwMTU1NTkyNjYwOTM=,2
Mzg4NjM1ODU2MTgzNzEzNzQ5NQ==,2
NDk0MjIwMjcwMDk3NTk5ODE0Mw==,2
LTczNDk1ODcyNzkwODU1MjU1MzY=,2
LTcyMTEyOTA0MjMwMDMyNTM2MTE=,2
MTkzMDI3ODc0ODU2MDAyMzMwMg==,2
LTczNjU2ODI4Mjk5ODQwODQzNjA=,2
MjY3NzYyNDczMzQyMDI5ODk4NQ==,2
LTQxOTIwOTgyNjg0NzE1ODM4MzI=,2
MjU5NDMyMzc1MjcwMzg2NzMxNg==,2
MzE1NjYyODE4NDkzMzUwNDA3Ng==,2
NDg0NDY3NDA1MzUzNTI0MDMwNQ==,2
LTIzNTIzNDA2NDAzMjI4MTQ1Mzg=,2
LTQ4NDk0NzQ4MDY1MzgxNzQxNTE=,2
LTYyNjU5MzU0MTMxMjYyMzYyMTY=,2
NTYxMTM1Mjk5NjAwOTg1OTgwNg==,2
NDQyMzkzNjY0NjA0OTA1NA==,2
LTE5NTI5MDA1MzQ3MTgxNzYyMDE=,2
NDY1ODA5NTA5OTY5NTEyNTc5OA==,2
ODAyNjgzOTUxNzY0ODM5MjMxNg==,2
LTg5MDUzMDQxNjY1Mzk3MjIwODU=,2
NjUzOTI4MDcyNDU3ODUyNzI3NA==,2
NjIzODEyNTUyNzQ3MjM0NTA4Ng==,2
LTEyNjkyMzYzNDA5NTcwOTM5Mjc=,2
LTI2OTU4OTUyNTI3NTY1MTY3OTQ=,2
NTkzNTczODQ1NDI4NjQ3MzgxNw==,2
MzY4NjE3OTU1NTgyNzk3MTYyNQ==,2
LTM1NzE0MDI5NTY5OTY3NDgwMTM=,2
MjE3MTg1MjczNzIwMDk5Mjc4MQ==,2
LTM1NjkwNDc0MDUwMzMxMTE3NjE=,2
LTI1OTM1MDMwNjkzODMyMjc1MTk=,2
NDg3MTczNDA4MDcwNzg5MTE4Nw==,2
NTY2NjcyNjY3MTI1Nzc2OTIwOQ==,2
MTYwNzYzNTExNTM0NDQ4ODg0MA==,2
LTc0NDUyNTQyNzU2ODQ5NzIxMQ==,2
LTIyNTU0NzYxMTkwMzczODQxNg==,2
NDgwMDY1ODcyODQxOTI4MzM0MA==,2
LTM5ODk0OTMzNzIwNzExODM0OTU=,2
ODk3NjUzMTgxNDIwNTczNjYyNg==,2
NTczNzE4NDQwMTI4NDgxOTMwNQ==,2
LTc4NzQ3Njg0OTEzMzA2MjYzMTg=,2
MzU1NDAwNjAzNzUyNzIyODIyOA==,3
NTM5MDc1ODY2MzY2MDE2MDY4MA==,3
LTU1NDM3NDMzOTU0MTkyNTY0Mjg=,3
LTc2MDM4MzE4Mzk4MzQ3MjIwMjg=,3
NzIyMDA5NTcwMDQ2NzY5ODE3OQ==,3
MTg2NTIwOTExNTEyMTAzOTQxNw==,3
LTUyMzY5MDIwMDU2ODI3OTk1ODA=,3
LTY4NDE0ODI4NDE3ODQ2OTQ4NTI=,3
LTg5MzMwOTI4MzA4NDE5NDg2NTE=,3
Njk3NTI5NDA0NjA4MjAzMjk2MA==,3
OTIwOTMzNjI5MDYwOTIwMjY3Mw==,3
MTI5Nzk0NjQyNDA5MjM2Njk5Mw==,3
MjgyNDAzNDU2ODYwMDY2MzE5Ng==,3
LTg5MTQ0MTA1NzEzMDM3MDI5NTk=,3
MzkwNDA2NTg0Nzk0NTk4NjcyNg==,3
LTY4MjgyNDM5Mzk0MjM4NDQ4NjE=,3
LTMzNTY0MTYwNTcyNzU5NzkwNDA=,3
OTEyMTU5ODU1MTkxMjM0NDgxMw==,3
MTcyNTg2NDkxNDM3NDA1MjgzMg==,3
MTg1OTQ4Mzk4MzU1ODU0NDMx,3
NzgyNzQwMTI3NTY4NTgwNzA0Ng==,3
LTgzMDgwNDY1MTkzMTQ4NzMzNjg=,3
NzQzNDExODE2NTgxMTQ1NjkyOA==,3
MjkzMTk2MDg1OTUxNjE1MDUzMw==,3
LTc3NjU1NTM2Mzk2OTk3MDE3OTI=,3
LTQ5MzAyODk2MjYyNjQ5NTM1ODI=,3
LTM0MDEzNTY0NzE1MjQ5NzE5MDg=,3
LTc4Mzc3MTQzNzU5MDQ4NjM4MjU=,3
LTYxODU0NTM5OTMxNjE2ODU3NTU=,3
LTQ4NDY1OTM3OTI2NTcwODI0MzA=,3
NzI2MjYyNzczNTY1NzU1OTk5OQ==,3
LTc0MzE5NDY2MTc4ODkzNjcwMzA=,3
LTYzNzMzNzQ2OTgxNTk3MzAyMQ==,3
LTUzNDIzMTUxNzU3MTE2OTAxNjg=,3
LTMxODExMjE0NzgwODcwNDAxODE=,3
NjE5NjY1MTIzODM1NjQ2NDA3MA==,3
ODM4NDM4NjAzMTA3MTA1MDgwNA==,3
NDExMTM2NDQ0ODI2MTIyNDYzMA==,3
LTQ4MjI1MTczMzQwNTcxMDExNDM=,3
NTk3OTgwOTYyNDg1NTQ3NTIzOQ==,3
LTE2OTQ1Mjg3MDQ5OTczMTY1NzI=,3
ODU4NzU3NzMyMjI3NzMxOTgw,3
LTc3NTYzMzE3ODk3ODE3MDUyMzY=,3
LTc0OTgzMzQzOTQ5NDA1MzU0NA==,3
MzkwMDg4NTA3MDkxMTYyMjQxMg==,3
NTk1MzM0OTI4NTQ4NjExODgzNA==,3
OTQxNzI2MTY1NDY3ODE1MzYx,3
MTc1OTc4NzY2NDEwODQ1ODIwNg==,3
LTE0MTE3Njg0MzI4MzEzNTY1ODU=,3
LTg2ODM0MTI1NDc4NzAzODc5NTQ=,3
MzY1NTkzNTI3NjA0NDg5Njc2Mw==,3
ODM3ODYwMTU2NjA1MjEwNTc2Mw==,3
LTI5ODI5MjQ2NzA3MTcxNDkzMTA=,3
NDU3MTA0ODgzNTcxNjgzMjg1MA==,3
LTY2OTY5NzQyNzg2MzgwNTM1MTM=,3
NTkzNDA1NzY1NjM2MzU5MTczNg==,3
LTcyODEzMzI5MzM2NjYxODU2OTA=,3
LTUxODgzNDEyNDQ4NTUwNTg1NTE=,3
LTEzODAxMjc2OTYwNDUyODUzODc=,3
NDUyNjI3NTM1ODk2MTk0MTUxMA==,3
LTgxNzEwNDE0MDIxMDI4NDU3Mjg=,3
LTE4MjgyMzAwNTgwMDUwMTY4OTM=,3
MTU1NTUyODc5MDU1MzI0MjIzNQ==,3
NDkxNDQ1NTI5NTM2MDgxMDk5Nw==,3
NTk5MzY3MjE1NzMxNDY1ODgyMA==,3
LTE1MTAwNzQwNDYxNTY1MjcwMTc=,3
LTM5NzQ5Nzg3Nzc4MzU5OTg4Mjk=,3
LTE3NTE3NzQ3Mzg2NDg0MzYwMDk=,3
NDA2NDIxMDM2ODQxODg1NzA3Ng==,3
LTM1NDA1MDg5NDY0NjM1NjM5Nzk=,3
LTcwMTgyNzI4NDE0NzYzNTMxNDc=,3
NDAyNjM3MDc4MDA4MjQxNzg0OQ==,3
MjU3NjI3NTc2NzYxMzUzNjAzNg==,3
NDEzNjA5NDM0OTAxODc0NjMzOA==,3
LTY2NDE4NTg2OTY4MTkyODU5Mzc=,3
NDQ0OTM3MDc0MDM1MTM3MjYwNg==,3
ODc3NzAzMzA4MzM3NDkyOTQzOQ==,3
LTEyMjM2NjAwNDQ4MzM5NjYwNjU=,3
OTE0NDA5NzExMjkwMDE3ODA0MQ==,3
LTExMzE0OTMxNjcxNTQxODM3Mg==,3
NTg1Nzc1MzU0MTk4NTY2MjcwOQ==,3
LTE3MzQxMjA3NDU2ODgxNTQ5MzU=,3
LTYxODQ5NDY5Mzk2ODQwNTQ1MDI=,3
ODA0NjYwMzUwMjcwMDE2NDk5MQ==,3
NzY0NzYxNjA3NDM4NjY1NjQ2Nw==,3
Nzk1NDUzNTc0MjUyMjgxMjc4MA==,3
MjE1MTc5MjU3NzE3NDg4NzA1NA==,3
LTI3MTkzOTk1NzA5MDkxMTYzNTc=,3
LTY4OTYxNTE5NzM2NzA1NjE1NjI=,3
LTU4MzUxNzU4MTEyMzIwNjkwMzA=,3
NDA3NTM1ODAyNzk5MjMyNjI2Ng==,3
LTIyMTM0OTQ5NjM4NjczNzczODY=,3
LTY2NzYwMTY0Mzc1MzAwNzAyODU=,3
LTU2MzgyNzQ4Mzk2NTMyOTg2Mjk=,3
LTIyMzc0MzU5MTY1MzcyMzUwNTc=,3
LTM5NjQ2Mjg1NDI1NjY5MDU3Nzc=,3
LTU2MDYzOTg1NDY2ODk5MDk5MTg=,3
MzE1NTMwODA3NzI5Mjc4MjcwMw==,3
MTAxODkxNDE3ODQ3MzE1MDczMA==,3
LTM1ODkyNDIyNDY2NjY4MzcyNzQ=,3
LTU1MjMwNDE2MTI5MDMyMzYzNjM=,3
LTMyMjI5MzU5NjY5NTkzMDg0NTQ=,3
LTI2MzU0NjEyMzI2MjM1NTQ5OTE=,3
LTE1NzkwODk3MjExMDEzMjgzMjY=,3
LTI4NjAzNzA5Nzg5MjYyMDQ1OTQ=,3
Njg0NjY3ODk0MDYyNDc3Njk4NA==,3
LTQzOTY5MzI2MzAzNzY5NDc4NTQ=,3
ODEyNzEyODAzMTMyODIzNDA4,3
ODA4MTcxNTk3MDg5MjAxMjI2Nw==,3
MjExNDczMTA2MDMxODY4NjA4MA==,3
MzgxNTcxMDk0NDIwMDQ4NzE2OA==,3
MjMxMjcxMDc1MTMyNTQ2MDY2MA==,3
LTYxNDkwOTk4Mjc0OTA4MTM1MTU=,3
MTY0OTk3MjMyMDMzMzY3ODg5MA==,3
MTY1NzMxNjYzODY0Njc0MzMxNg==,3
MTI2MTU4MzU2NzAzNzUzNTU2Ng==,3
LTUzMDM3NjM0Njg2NTI4ODc0NA==,3
MTQ3ODQwMTc2NDI1MDE4Mzcx,3
MzQ5NDMxMzA5MDg0MzMwODc1Mw==,3
MTQ4NDczNDk2NTExNjI4Njk5Mg==,3
NTk2NzkwMTI0OTQ3MzYxMzkz,3
MjU3OTU4ODI4OTQ5MDk3Nzk0Ng==,3
LTg4MDY3NjM2MDI5OTEzNjM1NTg=,3
NzExNjk2NDg3MjA1NDgyNzc5Ng==,3
LTgyMTE4Nzk1MTA3MDE2MTY1MDM=,3
LTg1OTQ2MDc5MjE2MDk0ODg5MjM=,3
LTE2NjA2MjEyMzgyMTU5NDEwNjc=,3
LTQ1NTE2OTM1NzYxMDc2MjIzMjU=,3
LTMwOTIxNDA4MTEzNjI4OTk3NjE=,3
MjkyOTIyNjkzOTc3MDk5NjA2Nw==,3
LTE5NDI2MDUxMDI1ODA2Mjg4OTM=,3
LTc3NTM1NzY0MTEzODUwNjUyOTQ=,3
LTYwMjI3MzY2OTYwMjA3MDUyNzY=,3
NDM1NzQ0Nzc2NjM2ODkyNDU2Ng==,3
NjE2MzE3NDg2NDI0NzM5NDU5OA==,3
MzgxOTY2NTkzOTI5NDk3MDUwMg==,3
NTI1MTY3NzUyMjk1MjQ4Mjg1Mg==,3
MTY0NzMyNDk0ODI2MjUyNTgyOA==,3
Mjg5NDUzMDkwNDk4NzQ4MDg5Mw==,3
NjEzODkwMDg3NjY3NTA1ODc4MA==,3
LTI3ODI1NzMyMjgzNzI5NDExMjY=,3
NjgxMTg1NzE3NDI0NzI3MzM5NA==,3
LTYyNjM3MzczMTgwMzA5MTEwNDI=,3
MjE0MzU0Nzg2NzAyNzgwNjEzMg==,3
NzE0Mjg2NzU4NTU3MTI3ODgzOQ==,3
NzcxMDYxOTM3ODc2MzMzMDk3NQ==,3
NDQ3NDkwODQ4OTQ2OTI3NDc1NA==,3
LTI0MDM0MjAwNjUxNzQ1NDU4Nzg=,3
NTU1ODMyMTcwMzE4MTAyOTc2NA==,3
NDU1ODk3OTgwMjQxNjI1NTg4Nw==,3
LTExOTAzMjY4MTcwMTA0MzYyNzI=,3
NjA3NzMzMDYzMTExNzExNzUyNg==,3
LTcxNzQ2ODIyMDAxOTM1NTcxMTE=,3
NDUyNjA0NjcwNjQ2ODE4NzkwOQ==,3
LTYzMTgzNzkwNjg1MDM3MjMzNjI=,3
LTMzNDA4MDQyNzg0ODcyMzEyNQ==,3
NjUzNzAxMjYzOTIwMTkxMzA4,3
LTkyMDIyOTgyNjM2MzQ4NTc1OTY=,3
Mjc0MTY5MDg1MjUxMTgwMDE0MQ==,3
NTYzMTAxMzQwNTk2NjYyNjA3OQ==,3
LTMxOTY0NjcwMzgxMzAzMDI3MjM=,3
LTE1MjI3OTE2NDczMjU0MTM5NjE=,3
LTM0NTAzOTY4NzE5MjQxMDkxMTc=,3
LTc1NDE1NTIxOTczNzY1NTMzODk=,3
LTM1ODk0MjA5NjA3NDcwMDIwNDg=,3
NDQ1ODY5MzE4Mzg2Mjc4MDc4MQ==,3
MTQ0OTM1NTczMDE4MTAxNjU5OQ==,3
LTI0OTExNDc4NjA5OTE5MDk2ODQ=,3
LTc4NjU2MDg3Njc5Njc5OTc3OTA=,3
ODA0Nzk5NDYzMjI3Nzg5MjY4Mg==,3
NDc4ODgyMzc0NTQ0NTQ5ODI4Mg==,3
LTUyNDE4OTQ4NTI0NDU5OTg2NDE=,3
NTUxNDI1MTEyNjUxMTcxMzU5Mg==,3
MTI4MDA4NDUyMTQ3MzAxMzM1MA==,3
LTM3NDgzNTgxODMzMzU1MTcwNDk=,3
MjAxMzI1NjY0NDQ3OTMzMTkxNg==,3
LTQ2MTc0NTkyNDQ0MDk4OTA4MjM=,3
MjEwNjk2Mzc5NDIwMTQyODkwMQ==,3
LTE1Njc4MjQ0MzA4OTc3NTU5MDQ=,3
LTgzNzgxNjAyMTc1OTAwNDE4Mjc=,3
Njg4NjM3NDIxNjY5ODEyOTg3OA==,3
NzkzNzMzNzQ4Njg2Mzg0NDcyNw==,3
LTY3NTM3NDU1MjkxMTA2OTYxOTk=,3
LTI4MDExNDc4NzUzNTc2NjIwOTE=,3
LTY1MDQxNTMwNjgwNDIwNjIwODc=,3
LTQ4NDU4OTE3ODEzOTYzODkxMzU=,3
MTQxNTUwODY0MDk1MTA3OTc5MA==,3
LTY5MzU0MjY4MzAyMTMxOTAwMTU=,3
NDk2MDY0MDk3MzcwMjkxOTAxNw==,3
NzA4NTQwMjM4MzQzNzYxMTkxNQ==,3
NjM5ODcxMzExMzM0ODY4ODEzMA==,3
LTY4MzIwOTQ3MzE0MjUzOTI2MTY=,3
LTUwNTQ5ODkxMDQzNTg2MDg1ODk=,3
NjgxODUwODczNDY0Mjc0NDIwNA==,3
MTAxMDM1MzgzMjU2ODEwNTM1Ng==,3
MTkyNDQ0NjU0MTg3NzE5NzY0NQ==,3
MTA5MjE2Nzc1NDU5ODM3NzE4NA==,3
NDc1MzM5MDY5MjY3MTEzNjU2NA==,3
LTQzMzg4MTYyNzgwOTk2NTQ1MDA=,3
LTQ2MzMyOTgyOTIzMDQzMDAxNDE=,3
MzE1NzQ2Mjc4MjUyMjM4OTM5NQ==,3
LTc1NTMyMTk2ODg1NzE1ODc5NTg=,3
OTAxMjM5ODczNDMyNjk3MDQyMg==,3
ODUyNDQ2MTE0NTA5MjQ3ODU1Mw==,3
LTQ3NjMyMzY1NDg1MTMzOTY2MjM=,3
NTUwMjI0MDk5OTYwODYwMDY3Mw==,3
LTU5ODg3OTI1ODk3NTI5NzM5MTc=,3
MTg1NDM3OTk5Mzk1MzUxODM2OA==,3
LTIzNzUwNjQ0NDE0MTQ2NzE1OTM=,3
LTY4NTg3NTQ0MDE0NjI3MTE1NTE=,3
MTIwNDIxMjQyNjQxMDU3ODYyNg==,3
LTI4MDUwNzQwODk5NjI2OTU3NjY=,3
LTY4MDEwNTMwNDQ4MTYzNTE0MzE=,3
Mjg1MzA3NzQwNjk0NjM3MDY5Ng==,3
LTg4NDMyNzI4NjgxMDM3Mzk0NTU=,3
LTQ1OTExMjcwMTU2OTEwNDc1Ng==,3
MTQxMzk0ODIxNDcxOTI0NTA0Nw==,3
LTEzNzYxNTQzMTMwOTQ3MTQxMzQ=,3
Mjg2NzUyNDMzMDk2MzAyNTg1MQ==,3
MjY0MDY2MTI5Nzc4OTM0NTY2MA==,3
LTY5NzIzNTI1NjI5OTA4OTc3NzI=,3
LTc4Njc0NDE2OTIxNTQzNzE4Mjg=,3
MjA4MzcyNDg4MTYzMjUxNTEyMA==,3
LTcyNTg3NTg4MzYzMDA1MjgwNjE=,3
LTczNDMyNzE1MDM1NDYyMjAzMjM=,3
LTE4OTU0OTM0NjU1MzI4MDk4ODI=,3
LTMwMjY3NzUyMjM3MTAyNzk2,3
LTgxODEyNjUyOTMyMjgxMzEzOTQ=,3
LTc5MjkyNTczNDcwNTUzODI1Mjk=,3
LTE3NjA4MzA1MzYxNjM2ODYzMg==,3
MTUzNzIzOTQ5Nzg4MzkyMjk4Ng==,3
ODkwNjY2NTY5NzEwNzc2MjAzMg==,3
MjExMzM4MDYzNTQ2NzcyNjk3MA==,3
LTE4ODE4NjE4OTA3MzM1MjIzOTM=,3
LTc4NTI1NzI5MjQyNTMyOTE5Nzg=,3
LTEyMjg2MDMzOTU5NjU0NTkwMDk=,3
LTI4MjU4Njg0MTM0MDk0OTc2NzU=,3
LTU5NTM5MDA1MTg2MzI1OTk1MDY=,3
LTYzMDk0NjE0Nzk5NDMyODIyNzA=,3
LTQwNjEyNTQ3NTI2MjQyMjY2OTc=,3
MTkzNTEwNTQxNDc4MDA2NjUyMg==,3
LTU2OTk5OTEyMTc2NjY3NTMzMzU=,3
NTE2MzA3NTM2OTczNzU5ODc0Ng==,3
LTg4MDEyNTA2ODQ1NjMxMjA0Mw==,3
LTU0NjkyNjI5MTAwNjgzODgxOTA=,3
NTExMjE1MTU4NDk4MDA1NDExMg==,3
LTQ4OTg4MDgzNDM4NzI2MDg2OTg=,3
LTU3OTYwMTE4Mjc4NDIzOTQ3ODU=,3
NzUxMDEzMTM0NDE4NTMyMDI5MA==,3
MjU4NjM0MDQxNjIxMzQ3NzQ3OQ==,3
LTI5NTAyOTMxNjk4MTg0OTI1OQ==,3
MTc5MTY2MDYxOTM0MzI5ODM4,3
LTYzMTY1ODM5NTYxMjk3NTMyODc=,3
MzU1MzQwODk0MDUyOTQwMDE3MA==,3
MTkyNTE2OTE2MTM4NDQ2MjQ3Mg==,3
LTU1MDY3MjkzMTA5NzY1NjgxNzg=,3
LTUxMjMzNDM4MDMwOTEwNzE5Nw==,3
NzIzNTYxODU5MDQwMTUwODA3NA==,3
LTMxMTY1MDg5Mzc1MDEzMjk3NzA=,3
NDk4NTE0NDQ0NDEzODcxMTc0NA==,3
LTQ2MzQ2NTY2NjQ1MTcxMTc3MQ==,3
LTM1MzA5Mjc2NDg5ODU4NzA1Mzc=,3
ODM5Njk0Njc2Mjg1MTE1MDQyNA==,3
NzI0MzU5NTExNDg4NjM1OTE2OQ==,3
ODEzNDQ1NTUwODEyNzg5Mjc0NQ==,3
LTU1ODQzODAxNjUwOTc3NDQ1Nw==,3
NTMxMDcxNDc3Nzk3NzIyNjM3Mg==,3
ODAwMjA2NTg5MjE4ODM0NTY2Mw==,3
ODc0MTg2MDI4NDIxNzgyMTU4Mg==,3
Mzg4NDQwMzkwNDM5MDc5MDAyOA==,3
LTg4MTk2MjMwMTc1MTU5OTczMDE=,3
LTcxNjY2NjExNzY1OTEyNTkwNTA=,3
LTgzNjQ1NzEzMDMwNTY1OTc4MDg=,3
LTU5OTIwNTQ4ODk3NTcyMDIyMTQ=,3
ODU0Njg1NjM5NjM4MTU3MDc3OQ==,3
LTQzODY4MTQ5NTE3MTU2MTQzNDk=,3
MTk1MjE3NzQ4OTI2MDUzNTg5Mg==,3
LTE0NjM1MjQxNjI2NTIwMTg2OTM=,3
MjcyOTIzNjM4ODIzMjU3OTkzNg==,3
LTc4MTcwODY2Mjk0NzgzMDU5NjI=,3
NDU3MzUwNTA0MDMzNDM0MTAzNA==,3
LTEzOTg3MDgyNTY3ODAwNjIwNzU=,3
LTI1Mjg1OTI4MzM5NzI5MDg4MjA=,3
LTgzMDc0MDgzNjcyMTU0NzM3ODk=,3
NTE5NzI5NTcyMzg4OTk2OTQ1OA==,3
LTgzNzMyODA2OTk3Njk5MDk5MDI=,3
NDA1NjQxNDA1ODUwNzczNjQwNg==,3
MzcxMDEwNDk2NjQxNzQ1Nzc4Nw==,3
OTIzOTE1NzIzNDczMDU4MDI1,3
NTI0NzE1ODM5NTkxMzA1NjgyMA==,3
LTM3MjE5Mjk4ODk3NTEzMDM4ODY=,3
MTc2MjU0MDU3NTU4Njk4NDk3Ng==,3
LTU0MzQzNjc2NDM0MDM5NjYwOTY=,3
LTM4MzkwMDkyOTExNDE1NjM3MTA=,3
LTQzODY2MzM3MTkzNjA1MDM2OTM=,3
NDU5ODIyMTkxNTAxMzEzNDI0OQ==,3
MTgzMDA2NjUyMDcyMDc5NzA3MA==,3
LTkxMTAyOTg4MzAzNTkxMDU1MjU=,3
LTY2NDMxNDM3NTUwNjE2MDk2NDI=,3
MjMxOTAxOTg3OTA1ODg1Nzg4NQ==,3
LTUzMDYxNTAwOTIwNDkwNDgyNQ==,3
LTg5NDU4NzQ4ODYxMzExOTA2MTQ=,3
LTQ4OTkyNTAwMzUxODI5MDE2OTY=,3
LTY2MTE3NjU4OTE1MzgzNDYyNDc=,3
LTIxNTcxNzE4MzAyMDY0NTI2MjA=,3
NTExNjM3NzgxNTM1MzQ3MDEzNA==,3
NDUwNDMyMjE0MTE2OTg5ODY2MQ==,3
MjkzMDgyNTg1NTg4MzA1NjkzMQ==,3
NDQzMzIwMDM4OTM1ODQ1Mjc=,3
NDM0MDIwOTUyOTg3MzA5NDQ1Mw==,3
LTY2ODkxNDQ0NTExODAxNjAwMDI=,3
Njk5MzA3NTg3MTYyMTk3NjA5Mw==,3
LTI1ODYyODM1MDQxNzExMTQyNTk=,3
Mzg2NTg2Nzc2NTY2NDkzMDI1OQ==,3
MzgwMTQzNzE0MTcwNzQ3MzIwOA==,3
MzU2MjcxNzQ5MDU0OTIzOTU1MQ==,3
MjcyMTA1Mjk2MTM0OTMxNjc4Ng==,3
LTE0NzE0MDQ2ODY2Njk2NzcwOTM=,3
NzU2ODgwMDg4ODcyODE1MjQ3OA==,3
LTg2NTIxNTA4NTE2MzI5NzQxODY=,3
LTI3Mzk2MjUyMzExNTc3NDAzNzg=,3
MTQ1NTUyNzQ3MDEwNDY4NzEwNQ==,3
ODgyNjE2NjAxMDU2MzI0MTE2MQ==,3
MjA4MzI2NDkzODc3ODM4NDI0OQ==,3
LTgzMjY5Mzg5NzcyODc4MTE0NDU=,3
NTg5NjExMjk3MjgwNTEyNzE4OQ==,3
LTMyMjI0OTc0NzIxMjYxNzgxMDU=,3
MzgwNjA0Mzg2MDAyMjI4Mjg5NA==,3
LTkwOTU2MzgyMzI4OTMzNDEyOTI=,3
LTU1MzU1NTk0MTczNDA3MjM4MDY=,3
NDcyNjQ5MzY1NjEzMDIzNzk0MA==,3
ODEwNzQ3NDQxNDkzODcwNjA1Mg==,3
LTUyMjc5NjE5NzczNzExODQyMzg=,3
LTY1ODI2ODI2MjE4MjczMzk1MA==,3
LTgzMTE5MTE0Mjk0NDIwMzAxNzc=,3
LTIzMDAyNTMzMzY5Nzk3Njc0ODE=,3
MjU4NTE1ODcyNTc0NTE1OTY1NQ==,3
MjEwOTM0NzAxNjIyNjU2ODExMw==,3
NjAwNDkzMDI2MDM1MDA0ODM2NA==,3
NzA4OTc5MjczMDY1MzYwMjcxNQ==,3
NDcyMTYyMzM1NjYxNjEwNjkwMA==,3
NDE4MDAwMTk5Mjg2MDM0NzM2,3
MzM1MDA5MTEzMDAxMTkwNzcwNQ==,3
Mjg0Mjc0MDQ1NjQ5NTc0MTI4Mw==,3
ODkzMTQ3Nzc0MTgzOTk5NzE0OA==,3
ODI1OTYyNzcyNTk0MjM1NDcyMA==,3
NTM1MTc1NTg2NTE4ODA2ODQzOA==,3
LTUzMzk5ODQ3MDUxNzY2NDc1ODY=,3
ODc5MzIzMzM1MzMxMzY4MTE5,3
MjA3OTgxNjgzMjk4NDE0OTAzNQ==,3
NDQxNzIzMzc3OTM3ODcyOTQ1MA==,3
NDA2OTc4NTg3ODg2ODcxNTQ3NA==,3
LTYzNjM4NTgyOTUyMzQ2NjYyMDg=,3
LTYwODYyODU1NjQzODMyOTU2MDE=,3
MTc1NzA3ODM2MjI0NzYzOTUyMA==,3
LTc4ODYwMjA5MjYyNzk4NTA0NTQ=,3
MzA4OTY4NTE2MTc1MDE3MzA0MQ==,3
LTY0MDkzNDE3MzY0NDE3MzIzODQ=,3
NDcwNzEwNzUzOTQ4ODQ2NTA3,3
NjMyNDI1MzE1OTIzNDM3OTQzNQ==,3
MzYyODQ5NDk1NTUwNTgxMTI3Nw==,3
MjgwNzAxMjgzNjY0MDk2NTA3NA==,3
NTgzOTU4MzYxOTc2MTExNzcy,3
OTU4NjI5NTA3ODA3NTQ2MzUw,3
LTE1MDQxNjk2NTA5NjMxNjgxNTk=,3
MjQ2ODc4MTE4ODgxOTY5NTg4MQ==,3
LTQ2ODkxNTg5MDI2MTYwMDc0ODE=,3
LTQ1Njc0NzYzNDA0NTIzMDUwODE=,3
LTYzMDM3MzAwNDAzMzE0OTc4MTI=,3
ODI5MDU4MzYwMzk0NTY1MzIwNg==,3
ODE5MTk2MDYxNzE1MjY0NTEzNg==,3
NTg5ODA1NzU0Mzc0Njg4OTQ2NA==,3
MjU2NTY5MjM4OTU3ODI5MzMwNw==,3
NjQ1ODQzNDk3NjQ2MDU3NTQwOA==,3
LTI3OTI4NDc2ODMzNDM3NTA0MjI=,3
LTMyODM2MTcwOTQ2MzA2NDQ2NjA=,3
LTQ4NjQzMDAwMzU5NjMzODc1Mjc=,3
LTQ4MTU3MDkwNTk4NDM0NzQwMzk=,3
LTMxMDI5MTMyNzY0NzY5MDkyNzY=,3
MjIzNDY0MDg0NDk3MzkxNDMwMg==,3
MTcxMDA5MzI1NzMwNTk5OTc0Ng==,3
LTYyOTY2NzkxMTkwMzU0MjU2NDk=,3
NDkyNzc0MjQ5MDEzMTM3OTQ2Ng==,3
ODc0NDg3MDA2NjIwNjg3Njgw,3
LTI5NDg4MDMyODM4MTUyMDYxNDM=,3
LTQyNjQxMzIyNjY4MDUxMzgxNjM=,3
LTI3MTUyNjMxMDE0MjEyNjEzNTY=,3
MTg1MjM2MjI0OTI4MTI3NDk1MA==,3
OTAwMDQ0MzY3MDkwMjA0OTAxMA==,3
Mjk4MTY5NDkzOTkzNTkwOTM5NQ==,3
LTU1MjgzNjExNjU4MDM2MjY2NjU=,3
MjkwNzMzODA5NzI1NzI3NDA5Nw==,3
MzU3MzE4MTgxNzU4NDQxOTY3NQ==,3
LTMzNzA2MjgyNjM1MTc0NjQwMjQ=,3
MTk4ODQ1Mjk3NTM0MjAyNDAxMw==,3
LTcxNTY4MzQ3NjI1MTU2MTU2MzQ=,3
LTM3MDczMjIwODMxNDk0OTA1NTM=,3
LTY1NTg3ODQyOTk4OTAzOTI4MzU=,3
NjUxODM2NDc2NzI5ODIwMzE3NQ==,3
NTA1NTU4NjIwMzYyMzg3NDM0Mw==,3
LTQ5MDk2NjI1Mjc4NTMwNjI4NDQ=,3
LTU4NjM1NjUzNzEwOTA5MzkzOTI=,3
MTg1Mjk5NzA1NDM1NTc3MTc1Mw==,3
LTQ4MDgxNTc1MzIxMDcxMjE3Nw==,3
NTA2NjkxODkyMDE0MzE0OTAyMg==,3
MTI2OTM0OTA3NDUwMzA2OTQ4Ng==,3
NzMzMTg4OTEzNTc3NDcwOTgzMA==,3
LTMyNDM5NzA3NzQwNDM1MTU3OTk=,3
LTQ5NTcyNDc5NjE0NTAwODQ3MjM=,3
MTAwNjg4MTI3OTM2NDcxNzQ5NA==,3
LTgxMjk3MzM3ODQ2ODA4MzIwMQ==,3
Nzg3NzYzNjMyMjY2NTI1MTg5OQ==,3
LTMyMzE3MDQyODMzNDY4MzM0OA==,3
LTE2NzkyMTkyNzU3NzIwMzgzOQ==,3
NzAwNzYwMTU1MTMyMzg0ODE4MA==,3
LTQ5NTY0OTgxNzE2MjE3NjgxNjY=,3
LTU3MzMzNzU3MDY2MDAwMjE2MzM=,3
NzMwOTcyOTI0NTc3Nzc2MTc0OQ==,3
LTg4OTM2NDA5MDU2OTEzNzIwNzQ=,3
NDAyMjgwMTE1Njc0MzUxNTQ1,3
NTI3NzQyNjQ3NDQ4MjMwMjE0Ng==,3
MzMzODIzODUzNDQ0NjY0MzUx,3
MTUwNDE5MTUwMTUxMDI1MTM1,3
LTE0MDc3MzUzOTE3NTQyMDYzOTA=,3
LTExNzkzMTk3MTQ3NTA2NzA5NjM=,3
LTIyNDIzNDAyMzkwNjM5NTc3MDk=,3
LTE0MTM4MDA1MDIxODczNzI3MDk=,3
MzAyOTg5OTQyODcxOTQzMjM1Nw==,3
LTQ5NTU2MjEyMjk0OTc4OTQxNDI=,3
NTI2MDAzNzQ4ODgwNjU5NDkwNw==,3
MTk3MTc2MjY5MzQyOTU5NTk2NA==,3
LTMyMTc1NTMxMTU5NDg0NjIyMTU=,3
NDA1MDk4ODU1NTQyMTY1Mjg3Nw==,3
LTY5MTMyMTA4MDU3NTkyNzQ1NDE=,3
LTc1MzYwOTgwMzExOTU4MjM5NTk=,3
LTM0Mjg3MjY1NTA2MTQ1NzE4MA==,3
LTUyMDQxODc1MTY1NjQ4NTAyNTE=,3
NjYwMzQwOTIyOTQzODY3MjM3OA==,3
NDk4NDQyMTg1ODIzMTgzMDQyMA==,3
Nzg4NjgxODg0MzE0NzEyNzgzMw==,3
NTM4MjkxMDUwMTMxMjY5ODA2NQ==,3
LTQ3NTQ3MDIwOTgzNzUyNzg1MTc=,3
NjE3ODY0ODQ1NzA3MDg4NDYxNg==,3
LTUwNjA1NjgyNDI4NzI2MTgwODc=,3
NTkwNzg1NzAxMjE4OTQ2Mjc3Nw==,3
OTA4MDc2NDgzNzQ0MjEyNzEz,3
LTIyNjQ5MjU0MzYxODUwMzQwODU=,3
MTkwMDU4MjE4ODAwMDcyNTM0,3
NTk4NTE0OTk0MTkyNjI1MDYxMw==,3
NzYzNzAxMTk3MTUzODYzNjYyOA==,3
LTcwNDYxMzgyMDk3MzU1MTY2Njk=,3
NzQ0NTY4OTI5MzExMjI4OTQzOA==,3
NjA5NTYzMzc3MzgwNzE5ODU3Ng==,3
Nzg3MzE2MTA2NTU0ODQ5MTAxMA==,3
LTc0NjgxODI2ODU1MzA0ODY5Njk=,3
LTkzNjQ0NTEwNzEyMjk2NzU3NA==,3
Nzg4MTM4ODA0OTgwODMxNDYyMw==,3
LTY2Mjg2ODU0MDk0MDk4MDU5NDQ=,3
MzgzNzc0NDcxMzI3NDMwOTk3,3
MTEwOTU2NjU3NjM0NTk1NTU4OA==,3
Nzk3NTI4MDExNDc2ODE2NjU0Nw==,3
LTI2NDYzMDM1MzA3MzA2OTYxOQ==,3
LTUyOTIwNDkzOTg0MTg2ODM1NjA=,3
LTczMjIyMzA3NTk4MDMzMDA0OA==,3
MzkyNjYxNDcxNzQwMDc4MzMw,3
NTk0MjQ4MjIzOTI0MjE2ODcyOA==,3
LTE3OTcwNjc5MTE4ODgyNzA0NDU=,3
LTQ5OTU5MjQyODMwMzU4NjUwODI=,3
LTgyMTk0NzQyMTY1MTg1NTU1NDM=,3
NDUxMzQ5NzgxNjM4NTM4MzAwNA==,3
LTMwNDc0MTc1OTI2ODgzNzc0MTk=,3
NzU1MzUwNDE2ODc0NjQ3Nzg4MA==,3
ODM5MjkyNzQ0OTkxOTc4OTgwMg==,3
LTcxMzU5MTI3ODM4MTYxODA0Mg==,3
NTgyOTE4MTc2MzU0Mzk1ODI1Mg==,3
MjQxMTU3MzI5NDI0Mzc4ODIyMw==,3
NTE1ODY2NTY1MzAxOTYyMzk3,3
LTE3NjM1NTM2OTc4NzUwNTU1NjA=,3
LTQ4OTk4NzcwNzMwNTcwNjAxMzM=,3
LTM5MDQ5NjA3MzA3NjcyNTE5NzA=,3
NDM2MjM0OTA3Mzc5MDA1OTc0MA==,3
LTg1ODg0NTM2NDI2NzM5Nzk4NTM=,3
LTc4NTc4OTU4NTI0OTQ3NTQ3Njk=,3
LTM2OTg5NzI3NjE5NjU1MTA3MTc=,3
LTg3NzAyNDgwMTcwMDI1ODQ1MjQ=,3
LTgxNDY2MTE2NzIxNDU2NzkxNjA=,3
LTQxODQ3NTExNTgxMTY0MjUxMjU=,3
NjA4MzM3OTk2MTA3MDU5MjkyMg==,3
NzIwODU5NDA1NDAzOTc3OTAxMA==,3
LTY2NTQ3ODk1MDUxNTQxNzU2Nzk=,3
LTEyNjc4MTg0OTEzNTQzMzc0NjQ=,3
LTEzNTQ2NTIzOTY4MjIwODExMjk=,3
ODU3NTc4NDUzNTI2OTEwNTIyNA==,3
NDI0MDA2OTU1MDMwOTQ3MTc1Mw==,3
NDU1NDYzMTA5OTE4MTA4MTQz,3
OTAyNzE1NzcwODk4MjkzNzIzNg==,3
LTUzODEzMjMxMzQ3MTYzNTQ0OTE=,3
NDIwNzM5NjI4NDA0NDM0MjY5,3
LTQwNzc4NTY1ODA5NzA2NjYxMDU=,3
LTkwMjU4MTc5OTE0MTU1MjE4MjU=,3
LTQ1NDI0NDczNzkwMzMxNzA0MzY=,4
LTUwOTA0ODc5NjkzNDE1Mzk4NDY=,4
LTg1OTU4MjYwNTgzOTc3MjM2NDI=,4
MzYwMDQ3MDkzNzU0Mjg2MTYyNg==,4
NjE5MDA4MDc1Mzg1MTU5NjMyNQ==,4
LTc1NDQ4NzY4MTkyOTkwMjQwOTc=,4
MTczOTc3MDI3NDk3NDE4MjY5,4
LTQyNzg3MDcwMjIzNjM3NDA1ODM=,4
LTEwNjU0MTUyMDUzODU1MjY4MTY=,4
NjI3Njg5NTMzNjk0ODc3OTQ5MQ==,4
NTUyMDUyMTM3NTAxNDQ1NDMyOQ==,4
NTMyMDI3NTYwOTY4NzkwOTkyNA==,4
MTA0MDY3NDgxOTA5MjYxNzQxNA==,4
LTI3OTMxMDc4OTU5MjU2NTY3MjY=,4
LTgxMzM3MTczNjY2NDUwMzMxNTg=,4
LTQzOTY4NTMxODc4MTcxNDM1MjM=,4
LTczMzA5MTEzMTAxMTMyMzczNzI=,4
LTcxNTgyMjMxMjI4NjU1NzM3Mw==,4
LTY1MzczNzA3MDg3ODQyMDE5MDE=,4
LTU1NDMzMzczMjI4MjUyMzY2MzE=,4
NTYxMTUxODU3NjY1NjY4NjUxMg==,4
NTEwMDQ2NTEzOTg2NTc2OTE4NQ==,4
NDg2NzI3Mjk3MjczNTU0OTE4Nw==,4
LTE1MjUxODI1MDgzMDI3MTA3MzU=,4
MTMzMzQzMzM4MDI5MDkzMDgzNg==,4
LTUxMTUwMjg1MzQ4NjkyMjM0ODY=,4
MTUzMjk1OTMxMTYzNDgxMDM2OQ==,4
LTc0MTU0NjAzNTgyMDQ2MjE1Nzk=,4
MjY0ODMzNTk1MDQ2ODI3MDg4NQ==,4
LTEwODczNTQxNjAzMjY1NzIyNDg=,4
MzQ5MzY3MDE0NTY5NzM0MjcyMw==,4
LTU3NjgyMzY1NTQzNDg5Mzg5NDM=,4
MTI5MzI3MjAwNzY2MTU5NzY0Nw==,4
LTMyMTk1Mzg4MTk3MzM0OTY0MTc=,4
ODc1MTgyMzY4MDAzODU2NTcxOQ==,4
MzA2OTA0Mjc5NzgyODU5MjY1,4
MTE1ODM3MzQxNjc5NzUwNTUxMQ==,4
MjM4NjYzODI0OTYyMTg4NDk3Nw==,4
LTcxMDcyMTAxMjk3NTcyOTMwNzY=,4
NTY1NzcwNzQ5NTU2ODQ1NTY2MQ==,4
NzMyOTk2ODcxMjEzMzQ4MTQ1NA==,4
LTU4MDU5MDE4NzAwMDE1NTEzMzY=,4
LTQwODQ2NDYxMjMwMzQ1OTQxMDQ=,4
LTg5MzQ3OTI3Nzg4MDE0ODYxMjE=,4
NTIyMjM0NTc3NTY3MDE0NTM0Nw==,4
NDAwNzMzMDUzMDE5NDg5MjMzMw==,4
NzQ5MTU4MDg4NTYzNjM4NTky,4
LTQ2MzM1NjE2ODQyMTQyNDQxMA==,4
LTY3MTQ3Mzc0Njg4OTg1NzA0MTc=,4
NzE3NzM2ODc1MDkyNDMzNDM0OQ==,4
MTA3NTc0MTIxOTc1OTk1NjUyOA==,4
LTMzMjE0MjQ0MDc3Nzg5NDY0NTA=,4
MTA4ODQ2ODE0NDkzMTc0NTM1MQ==,4
MTI1NTQ0ODcyMjcyMzEzOTU3NQ==,4
LTkyMDAyOTQxMDMzMDI2MTUxMTg=,4
LTMyNTY5Mjk2ODczMDU3OTkzNTQ=,4
LTc2MzkzMjU3MTcyNjQ5MDUyNzQ=,4
MTEwMTUwNzg4MjkyODQyNTIyNg==,4
NzE4ODk0OTI0Nzc2ODQ5ODEyOQ==,4
LTg2MTQ0NzA3MTYxNzMwNTg2Mzc=,4
NDE0Mzg4ODczOTc1NDA3NDY0MA==,4
MzQzNzMxMjY0Mjg5NDc4Nzk0Mg==,4
NzQzNzY3NzEyMzEzMTYzNzAxNg==,4
MTYzOTgwMzM2MjgzNTA3NDY1OA==,4
NTEzMDQzNjIzMzc1ODgzMDcyNw==,4
NTgwODI0NDEyOTExNjEwMDUzOQ==,4
NjQwMjY2NTk1MDMwMjEwMTI3Mg==,4
LTMxMzYxODg0MTQ1NzU2NDk4Mzc=,4
NjE5MjY5NjY2MDY1MTU1MDE3NA==,4
NjI4NDcyMDE0MDIxNzAzODI2Nw==,4
ODQ2MzIwOTkyNTMxMTcwMTM0Ng==,4
NjY4NTc3ODkxNTU4OTgyNzcx,4
LTU2MzQzMzMxODc1NDc4NTQ0MjU=,4
OTY5MDYxMTgzMzEwNTI5Njk=,4
LTMxODQxNTMwNDEzODM4MzYzMjg=,4
NzIxMzY2NjcwODU3NTc0NTcyMA==,4
LTg2ODI2OTkzNjU1MjMzNjQwNjk=,4
LTgzMzY3ODAyNTU1MzcxNjk0MjQ=,4
ODA2OTE1NzUxMjY2NTg4MDM2Mg==,4
ODQzOTMyMDI4NzI3Mjc4OTEw,4
MjIwNzk3MjAxNzk2NTk5NDY1MA==,4
MzA4NTM0MjE2NDY4NjEzODc2Ng==,4
MTI4Mjk3OTU1MDcyMjc1NDYzNA==,4
MzU0OTMwMTU3MDEwOTkyMDk5NA==,4
NTYxNTkyMTEzOTczMTk1Njk4NQ==,4
MTY3NTY5ODIwMjk3NDY2MzgwMw==,4
MzA0Mzk2NTQyMjAxNDg3MDcwNg==,4
Njk0NDE2MTc0MDkxNTc4NTg5NQ==,4
MzE4MDU2MTkxMDQ1Nzg4Mjk0OA==,4
LTY1NDI0MDMwMTkxNzY0Njc3Njg=,4
LTYwODA4NTM0NTIyMzc1NTQwNTU=,4
LTI1ODk0MjM3ODIzNTgwMjk2NDg=,4
LTg0MjQzODA4OTU5MjQ1MTk0NjU=,4
Njg4MTM3OTkzMzU4NTU3MjcwOA==,4
LTUwMzkzNjQzNjExOTg5Mzk4NjI=,4
NTgyMTAzODYwMTY4OTc2OTgzMw==,4
LTM4Njg0MDMwMDI1OTk2MzM4NzQ=,4
MjI2MzYxOTMzMTIzNDk4NTQ2,4
LTgyNjI3NzM1MzY1OTY5NTgzNjk=,4
LTI2OTUzNzM0Mzc0NDE4NzM4NDE=,4
MTQ5NzE3OTI0NDQ4NTE1NDQwNA==,4
NzcwMTU3NTA2NDEzNDY1NTI1Mg==,4
NjMyNjUyOTU3MTY2NzgwNjg5Ng==,4
NzcyOTUxNjQ1ODcwNzIwMjM1Mg==,4
LTY3MjgxNDMxNzUxMjUzODIxMDc=,4
NTM4NjAzODcwMzc2NzI5Nzkx,4
LTYxMzU5NTE3MTk0NDU2NzU4ODc=,4
NDIyMjIzMDk5NDU1MjUxNjczMA==,4
NDQxNzI5NDEwNjU4NjIxNDM4MA==,4
LTYzMjIzMjM3NTk0NjAzMzkzMg==,4
LTYzMTA1OTE1MDgxMjAzMTk5MjE=,4
NzYwNTc5MzIyNjM3ODM2ODI2MQ==,4
LTY3ODEyOTM2NTc1NzMzMDUyOTI=,4
ODkyNTE4MTgwMDU1Mzk2NjY1MQ==,4
LTkyMDEwOTA2NzgyNzA0NzU4MjM=,4
MjIyNjU3MDE2MDU1NzU1NDgzNA==,4
Mjk2NTcwNzU5NTE0NjcyNzcxMA==,4
NzY4NjI4MDgwMTg2MTEzODMwNQ==,4
ODk0NDg5NzMwMzA2MzA0OTcyMA==,4
MzUyODMwMzEzNjk3MDI2Mzg3,4
NTYwOTU5NTMzMDcxMTczOTg3OA==,4
MjcwMDAxODUzNjg2MTU0NDI4,4
LTkwMTczMzUzMTczMjMyMTU5MTg=,4
ODcwMTc1MTg2ODI3Mzk5MDk=,4
LTYxNDk2MzMxODg2NzYyNTQ1NzM=,4
MTkyNDI3Mzk3ODQ4MjA3NzI4MA==,4
NjE1ODExMjYyMzcxODcyNzk5NA==,4
MjgwNjE3MTA5NjAyNTY5NTAyMQ==,4
LTgwNzk3MzUwODIyMjMzMzE3NzE=,4
Nzk3MzIzMjM5MTUyMTAxMTMzOA==,4
NTQ1MDMyNDc4MjI3MTY2NDU5MQ==,4
NDY3NDg2MzY1ODQ2NDg0NDExMw==,4
NzQwMTIxODA1MjY0MDY2MTE2OA==,4
MTgxNDc5NTQxMTAzOTM1NjM4,4
MzEzMzU5MjUwMDEzNjkzOTI4Ng==,4
LTE0NjEwODM4NTM5MTkzNDU2MTg=,4
LTE1ODIyODcwMTMxNzY2NTM1OTY=,4
MjIxMzY5NDkyMzkwMDc4MDQ4Mw==,4
MTI4NzkyMjQxMTY1NjQxNzU3OQ==,4
LTI5MDc3MjA3MjQ3Nzc4ODg3OQ==,4
LTMyODI5NzUwMDMxNTg1NjgxMDY=,4
LTM4MDE0MTQ1NDM4NzcxMjk2NzA=,4
LTUyNjA0MTY3MjkzNzc5MjkxNzk=,4
Mzc5OTE5NzQ0NDExNTMzOTEwNQ==,4
Njc4MTc0ODQ5MjEwOTA5MzI2OA==,4
LTI3OTQ0Mzc3NTcyMDIzNTY2MTE=,4
MjU3Mjk0NjA2NzQxMzg5MTI5NA==,4
MTMzNDI0MDg0Mzc2NjQ4MTgwNQ==,4
MjEzODY3MDU0MTcwMjU4ODY3Mw==,4
MTcyODQwNjQwNzM5MDM5NjQ2OQ==,4
NTQwMzM4OTI2Nzk4MTgwOTYxMw==,4
LTQ2ODMyMTkyNjAxMDg4ODg0ODQ=,4
LTg1MzA1MzE3NDYyNDE3MjU0Nzg=,4
NjQ3MDM1OTg3NjQ3MDk4OTgxMg==,4
LTMwMzcwNDY4Njc0MDY0MzAyMjE=,4
ODcxODc5ODk0NTc3MjAzMTM0MQ==,4
MzE1Mjg4MjY1NzY5ODg1MjU5Mg==,4
ODc5OTUwOTk2NzQ0MzY1ODM2,4
NDgyNTQxNDExMTYyODg2MjgxMg==,4
NDkyNDYxMzUxNjAwMTg2NzAxNA==,4
LTMyMzM3ODg3MDQ1OTY0OTA1Ng==,4
NTg2ODkwMzcyNTkxNTI5OTEzOQ==,4
ODcwNzAyMDg3NzgyMDAwMTUyMw==,4
MjkxNDY3ODI5ODA0OTE5OTc3OA==,4
LTYyOTc1OTQ3OTYwNTkzOTYwODQ=,4
MjMyNzUwNDQzNTE3MjUxNTY4Ng==,4
LTg5NjQ0NDA0ODAxNzc2MTgyNTc=,4
LTc2NjkwNTAxMzMzNzY3NjA5Mjk=,4
NDg3ODc2MTI5MDI0NzkyMTI5NQ==,4
NTUxOTE3MDEyOTg2MTk4NzUy,4
NzgwMjI4ODIyMzgxNDE3Nzc2MQ==,4
LTMyOTM2Nzc5NDczNTQ4NTgyMTk=,4
NzQzMTM3MTc1NTIwMDQyMDIwMA==,4
MzY1MzQ3ODczMDQyOTEyMDMy,4
LTQxMTAyMTA2NDU5NjM1MDUyNjA=,4
LTM3OTMwNjQ5ODc4MDg4NTU2NzE=,4
NTY2NjY2MzA3NDA2MTgxMjY1MQ==,4
LTEzMzU1Mjg3NjgyNTYzMDAzNzc=,4
MjgxOTU3MjcwOTQwMjg2MTEyNw==,4
Mzc2NjEwMzYzMTQ5MTQ4NjUz,4
NjQ2NjkzMTYxNjk1MDgzOTQ0Nw==,4
LTc2NTAxNTc2NzEwNTUwNjU1NTc=,4
LTQwMzIxMTg2Mzk2MTMwMDgwMTg=,4
LTQ0MjcxNDc5Nzg4ODY0ODYyMzM=,4
MTIzNTE3NjQwNzczOTMyMTU2MA==,4
LTI2NTAzODE0ODQ0NTkxNjExMDY=,4
ODc5MTg0OTA5MDc0MTgzOTQyMw==,4
LTMzNTUwNjUyNTM5MzgzNDM3MzM=,4
LTM5MzA5Mjc4Mzc5ODIwMjE5NjY=,4
ODQ0Nzk1NTI0Mzg0NzQ3NjcxMQ==,4
MjA2NzI4NDk1MTMxNDY3OTU0OQ==,4
LTY0MDYyMzgzNjU1ODI3MjYyOTY=,4
LTI3ODczMDk3OTcyNTUwNDA3MDI=,4
NDI3MzYzNTA2MjYyMDExNDY3,4
MTcyMDU2NTg1Nzk0NTEwODg2OQ==,4
LTcyMjQ4MzQ1Mzg2NTA0NjQzOTA=,4
MjM5NjA0MDA1MjM1NjY4MzM2OQ==,4
LTQ2NzAyNDUxMzg0NzYwMjcyNQ==,4
ODE3MTY1NjkxNzgzMDE2MzA0MA==,4
MTk3ODQzMTA0OTQ0NDQ0NTUz,4
LTIxMTcwNTI2MDk4OTI2NjIxMDc=,4
NDg0MDI4NTk4OTMwNzc5NjA4Ng==,4
NDg1NzAwMTYyMDM0MTkxMDUxMQ==,4
MjkyMzA0NjEwMjM5MjMwMjY0Ng==,4
ODQ3NzIyODY5NTAzNjY3NjI2Nw==,4
NzgzNjIyOTM5OTY3Njk0Mjg4MQ==,4
OTA2OTQ4NDU0NzU1NzgxMzMzMA==,4
LTIwNTQzMTM4MTg4Mzg5NTk2NjQ=,4
Njk4OTQzMDM1NzQzNjMzOTQ0MQ==,4
OTUwNzEzOTg4NDQ1ODU2ODk0,4
MTY5OTcyMDMwNzYzMzI5Mjg0MQ==,4
ODU3OTcyOTI5NzgwOTUyMTA5Mw==,4
LTYyODM1NTcyMzI1NzA4MTkwMg==,4
MTk2NTMxNDUzNzQ1MjE1ODkwMA==,4
LTcwMTA5NzkyNzM3NTc2NzQwNDI=,4
MzY3Njg3ODU5Njc1OTAxNTU5OQ==,4
MzAxNzAzMzM4MjUzNjY0MzI0OQ==,4
MTkyNDI0Mzg4MTI5NTc4ODA3Nw==,4
NDczNjQyNDY2MTc2NzE0NjkyMA==,4
MjA0NzU4MTUwMTE0OTM1NzkwNg==,4
ODMxODk3OTUyODI4NjgzNzc2Ng==,4
MTA5NjQyOTIxMTE4NDk1NTUxNA==,4
MzE0ODc2OTU1NTkxNDE0MTc0,4
LTQzNjkxNzQ5NDI5MDY4ODA4MzA=,4
Mjg1MDUxNDg4Mzg2MTI0NTI0MQ==,4
LTI5Mzc5NjQ4NTAwNzIyMTk1MDU=,4
LTg1NDQ5ODcwNzQwNzk1MjYxODA=,4
LTE4NTQ5Mjg4MzMwNTMzMzUxMzk=,4
LTgwOTM2MDU2NDY1MDI5OTkxNzY=,4
LTE0ODA5MTMxNTYxNzk4NDE1OTc=,4
MzE5ODc2MTI3ODcxMzM1NTI4NA==,4
LTE5NTkxMTQ1OTcyODg4MzUwNjc=,4
LTgxMzMwNzQyODQ5NjgwNjQ0NjI=,4
LTY3MDUzODIwNTM1MjQ5MTI5NDU=,4
Njc0NjM3NTUyMTcwODc0NzU2Ng==,4
LTY1NDA3NDg2NDQ2NjQyMDQ3NzY=,4
ODM2MjI3Mjk3MzUxNjM5MzE4OA==,4
LTQwMDc5NjI4Mzg5NjA2NjE5MjI=,4
NTg3Njc5OTI4MzE3NzQ0Mzc1MA==,4
ODgxMTUxNDc4NjE1MTYyOTg2OA==,4
LTYyMzEwNDUxNTI0MjI4OTE4MDI=,4
LTUyMTI3MTU2NDg0NDk0NTI4Njg=,4
LTY0ODYyMTcyNTE2MTAzMTQzNTc=,4
ODA0MTYxODg1MjUyNTIwNDk4OA==,4
LTQ2MjIyMzY2MDUxOTE4NzkwMjg=,4
NzEyODM5NzY1MDMyMDY5ODQzNQ==,4
LTQyOTM2NTA2NzY5NTIwNjQ5MDY=,4
Nzg4MjUxNzMzNTg4MTI0MTE2NA==,4
MjMwMTE5NDY0NDk3MTQ0NjY1,4
LTQzODY4MzM5MzIzMzU5ODUxNg==,4
ODk5NTQ5MzAyMjc4NTg0ODU0Nw==,4
LTUyNDMyNTU0NjMzMDY2MzU5OTI=,4
LTExNjAyMDc3NDY4MDQxMjQ3NDE=,4
LTExMjI4NTAzMzUwMDc1MDYxOTQ=,4
LTgyOTQ2OTcyODE5MTg3MjY3MjU=,4
NjE4Nzk3MzgxMzUzNTQ4NjIzMA==,4
LTcxOTgwNDY0NjcxNDczNzkzODU=,4
LTM4ODQ5OTE0ODc0OTM3Njk0MQ==,4
MTc2NzUyNjUzMjY4ODI1MTk4MA==,4
LTYyNDc4MjU4MjQyNDAxNjA4OTY=,4
LTcyNjMyMTA0ODMxODk1Njc3Njk=,4
MjIwODY3OTUxMjI1NzkwNDI1OA==,4
MTE5MDI0MTI1NjE3NTQ4MjQ=,4
NTQ0NTg4NDU3ODM4ODgyNDM3MQ==,4
NjU3MzM3OTM5NDE3MjQ4MDkyOA==,4
Mjg5NzIwMzY0MjQyNjI3ODM1Mg==,4
NzQ4MTU0Njc4MTA4NzM3MTg1Mw==,4
MzkwMjg1OTE5ODYwNjg0NzI4,4
LTc3NDI5NzY5MTAwOTI5Nzk0Mjg=,4
LTM4MDU3MjY5MTQ5MzI0MzA2NzY=,4
MTEwNTIzNzUwNzg4MzIyNjg3MQ==,4
NDM3MjU3MzkxNDE3NjI5MzQ4Ng==,4
LTc3MzMxMjM1ODQ1Njk0OTkwMzg=,4
MzEwNzY0ODQwMDA2NjEwNjM3NQ==,4
MzM1MjI1NTkzMDU5MTgyMzc0Mw==,4
LTI5ODYwODIyMTI2MDY2Mjg3NQ==,4
LTI1NTE1NzIxMzc0MTU5MTIwMzE=,4
ODc1ODI2Mzg2OTM1ODQ1ODg4OA==,4
LTMzNDAwNzMxOTQ0ODQwNDA5MDg=,4
LTg3NTYyODgwNDg0MTkxMzEwMzc=,4
LTY2ODI5MTAyOTYzNzIwNTA2OTg=,4
LTQ0MDM5Mjg5OTc3MTIyNDg5MjU=,4
LTc2Mzg4MTk2MzY2NjUwMzg2Njk=,4
MjI4NjQ2NDk4NjMyNTEyMzk4MA==,4
MTE1MjY4OTQ1ODczOTk1MDc1OA==,4
LTgxMjg0MDQ1NzIzNzIwMjkwOTY=,4
LTI3MTE0NTcyMTkyNDU1NzcyOTI=,4
ODY0MzE0MDgzMzIyNTgxNjYxNw==,4
NzQ2NjExOTQ3Mzg4MTY5MDUwMQ==,4
ODA3NTY5MTY5NzA5NzQxMjc5,4
MzM2Mjc3OTk1ODc3NjM3Nzg5MA==,4
LTU0MjY3MzUxNjAxOTU4ODQ4NjI=,4
MzkwODAxODM5MzE0NjY1MTQ2Nw==,4
NDk5MjQyNzQ4NjE3MTk0MDUwOA==,4
MzU5MTIxODI5Mzg5NDE1NzY5MQ==,4
LTY4MzQ0Nzk5OTY0OTg1ODUxNTg=,4
NTAwMTE4ODY1MjgwMTQ3NjQzNA==,4
NTg5MTAxODI3ODAwNzk5ODgyNQ==,4
NTc0MzgwOTE4NzA1NDA5Mzc4Mg==,4
Mjg2NDUwNzEwODA3NzM3NzYxMw==,4
LTE3MjE4MjM1MDM3MjY2MDAyMzk=,4
OTE2NzA0ODExODIxOTA0OTc0Mw==,4
LTEzMjEwNDc4NTQxMDg3NTQ2NzM=,4
NTg2Njk0Njg0ODczNzQ1MDE1Ng==,4
NjIyMjI4MjYyMjk2MDM5OTE2Mw==,4
ODM2MTk4NDI0MDY5NTMxNjk0MQ==,4
LTczMjAyOTA1NTAyOTI3OTUzMjU=,4
LTc3NjcwMjc4MDYyOTEwODc4NDA=,4
LTUxMjg2Njk0NzcxOTg2OTY1MzM=,4
MjkyNzg4MTEyMDc2OTg4OTg4,4
NTEwMTk5OTYzMTE5MDU5NjQwMA==,4
LTMxNDI4Mjg2NDQzNzQ1NzY3NjE=,4
MjE5NDA2MjYxMTE1ODkwNjc2NA==,4
LTM3Mzk0NDA4NjI4ODc5OTk2Njg=,4
MzI0NjIwOTM1NTQwNTgzODkz,4
MjgxNjAzOTY3MzA2OTE5NjAzOQ==,4
LTQ1OTk2MjQ4MTI3MjE3ODE4MQ==,4
LTE5NTY0Mzk1NzA0MzUyNDI5MzE=,4
LTg1NTA5MjkxNzU0MjcyODAyMDk=,4
LTYwMTc4NTMwODU0NTAyNDkzODI=,4
LTg0NDQ4NDk0NzMwMjc1NTQ0NTQ=,4
Njk3NjcwNjk5Njg3MzY2OTA2Mg==,4
OTA4NDMzMTAzMzIyNDM3NTU3,4
LTIzMzc0NjI3NDE1MTM5OTc1MDA=,4
LTg1MjA2OTIzNDM4OTYzOTEwOTY=,4
LTQyNjU0MTI2MTkxOTMwMjM4NDk=,4
LTg3ODA5NzM3NTU1NjU5ODAxMzM=,4
LTE0Njc4MDM1MzAwMzgzMTMyOTA=,4
LTMyMDY0MTI2Nzg0NjQ1MzU1MTA=,4
LTU3OTA4NDU2NTEzNzE3NTA4MDE=,4
MjEyMDY1NzEwNTk2MjI4NjE1Mw==,4
ODY0NjMyMjUwMjQ0MDY5NDEzNA==,4
NjQ1NTg1MzEzMzUwMjAwMDE5,4
LTU3Mzc3NTk3MDE0MDEyMTczMjg=,4
OTE5MDI3MDEwNjc1MzY2MzQ0Nw==,4
MjkwMDQwMTUwOTg4MTMxNzY0MQ==,4
LTgzNjEwMDkzNTkzODM5Njk2MTA=,4
LTIzNzUwMTQ2MzMzMzc2NzQ0OA==,4
LTM3MDk0NzAyNjQ0NjM3NTI3MjI=,4
NTE0MDkwNjY4NDM5OTkzMDM5Ng==,4
NjYwODYwMzk4NzI5MzY4MjE5NA==,4
MjI3MzAxMzEzMzA1NjY5MTM3Ng==,4
LTkyMTkwODM2Mzc3NDgyMDg0MTU=,4
ODMyMzQ2ODY0MzYzMzY1Njc2Mw==,4
MzExOTU1Njg5NzkxMTcyODUyMA==,4
LTY0OTE5MjA1MjAwNDE5MzkwMTE=,4
MTQwODA5MjM3NDU3MjU4NDU0OQ==,4
MTY0MTYxMTU1MjU5NDUzMzcwNA==,4
NjExMjI0MTM3MTMzMDUxNjI3MQ==,4
Mzk4MjA1NTE1MzYyMzg3OTc4NA==,4
NzE5NTAwNTM0NDIzMzkxODkyNw==,4
NjYxOTMwNDkxNDE0MTYzNTU3MA==,4
LTQ3OTQzNzI0OTE3NTI0MTI4MA==,4
ODY1Mzk4NzQ2NTY2OTg2NDQ3OA==,4
LTMxNzEzOTQ4NDczNDIwNzcxODc=,4
LTQwNzc4MDUyODMwMzg2NDY4NjM=,4
NDI3NjQ1MzEwMDMxNTkxNDUyMg==,4
ODM2MTM4ODA5MTMwOTI4ODkzOA==,4
LTM5MDU0ODI2MDkyNTI2NTgzOQ==,4
NjkxNDMxNDcwMDIxMzk3MDkyNQ==,4
LTQ4MDg3NzE2ODQ3NDA4NzEyMDI=,4
LTU3ODE1MDYzMzkwMDg4NzY1NQ==,4
NjgzNTc2MTA4NzkzMTQzNTQ3NA==,4
NDg2Nzc5Mjc2NDM2NDAzNzYwNw==,4
LTIyODkxNDk1NTU3OTI4MTE3Nzg=,4
Njk1NjEwMzc0MjE1NDEyMDQ=,4
LTY1OTYzNDQ5NTI5ODE1Mjg5MTk=,4
NzY3MTM5NDI1MTg1MjI0NTQ3Ng==,4
LTYwOTUyNjY1MTg1MTgxMDUxNDA=,4
MTg5NjIwMjQ1MTI2OTk0MTg1NQ==,4
MjYwOTI5MjExMzM3NTU2MDI3Mw==,4
NTE1NzU0NjA4MTc3MjQxMzM4MQ==,4
LTY2OTE4NTk3MDUzODQ2NDU4MjI=,4
LTYzNTA5NzYwNDE2OTY3NDg4OTM=,4
Mjk5NDA5MDE0NDY2NDg4MzM2MQ==,4
MjUwMTM3MjIyMzk3OTU0MzMwOA==,4
LTI5Nzk5NjMwNTM4NTg5ODg5ODg=,4
MzM0OTIyMjI2MTk2MDI2MTE1Mw==,4
NzQwNTkwMTI1MTg4MDU3NDY2Nw==,4
MzE2Njc2OTk3OTk0MjU4NjMw,4
LTY5OTg1NzE5MjgyNTg5MjY3NDA=,4
NTg3OTMyODU5MjcxNDU3ODEzMA==,4
LTU4NzEwNjcyODA4NDI5OTk3MTc=,4
LTcxNTE3NTQ3NzQzOTcxNzI1MDc=,4
ODIxMzQ0MDE1MTI4MDk1ODQ1Mw==,4
MjE0MTIxODQyMDM0OTU0NDI1OQ==,4
Mzk1NDEzMjkxNzY3NzMxOTg3,4
MTc5Mjc1MjExODAzODM1OTI5Ng==,4
LTM3ODA5NTYzNDkxNTY5NTA4ODI=,4
NjczNTMxOTA3MTY2OTA1OTE1Mg==,4
MjQ4Njk3Mjc4MDkxMDE3MzI3MA==,4
LTQzMzgyOTA0NDQ3NjI0MzYyNTA=,4
LTcyNTgzNTQ1NTgxNzc1MDU0OQ==,4
ODYwNzczMjU4MzQ1OTY4NTk1,4
LTcxOTEyMTI3Njc5ODQwMjU2ODY=,4
LTYwNDk1NTA1Njk4OTE3NzAyMzI=,4
Nzc5ODYzOTk3NTQwMjEzODkxMA==,4
LTMwODY5MDMyNjQ0ODI0NzI5Mg==,4
MTExMTQ3MjU5NDMyNjk5MTQ3NQ==,4
LTY5OTUwODg2NTc1NjIzNjA4MjI=,4
MjEwNzk0MDgxOTkwNzc2NDMwNA==,4
LTM5NDIwMzY3NzU4MjI2ODE3NTk=,4
NTg2MDU2MzE4NjgzMTE0MDEyMQ==,4
NzM0MzczNzkwNjI1MTQxMjI3MA==,4
LTUwMDgwNzE5MTk4NjgyODExMjM=,4
LTY3MzEzMTM4NzcxMTg0ODQ5OTE=,4
MTMyOTgzOTU1MjkxNTk5MzcwMA==,4
MTM3NjYzMTY4MDA0NzQzMDI5NQ==,4
LTc0MTk5MTEzNTIwNjA2MTUzMzI=,4
LTYxNjAwNzU0OTM3OTY5OTc2NTA=,4
LTUwNjExODUyMjI0NDIzMjcxNjI=,4
NjU3MTc2Mjg4MDUzMTc2MTEy,4
LTgzOTI4MDE1NDQ2NDExODg1NTc=,4
NzgzMzEzODYzOTQ4OTA3NzA3Nw==,4
MTg1OTE3MTkxNTA3ODgwMjE3NQ==,4
LTIwNjc5Mjc1ODMwMDM4NTYzNjU=,4
LTIzMDQ5NDU2MzE4NTU0NDg2MzY=,4
LTMxNTk4MTQ5Mjk3Mzk4Mjc4MDM=,4
LTc2NDczNTEwOTMxMTQ2NjQ1NDY=,4
LTc3ODc5Nzc0NDAzNzA5OTgxOTY=,4
MTQyMjAxNzU4NjgwOTYzMTk2NA==,4
MzgyOTYwMzk5MjIzNTg0MjkwMg==,4
LTM2MDYyOTU0OTY0MjUzMTgyMTI=,4
MzI4NzM0NjQ3NjkyNTU2MDA4Nw==,4
NzY1MjIwMDEzNDQ1MzgyNDM0Ng==,4
LTE5Nzk5NTE2NDY4MzQyMTE0NTM=,4
LTgyNTYyMTgwODY5MDcwNjAzMjU=,4
NjM1MDUyMTY4MTg3NDE0OTQxOQ==,4
NzI0NDY5Nzc2MDA4MzYzMjc1Mw==,4
LTcyNzQyOTUxNjI2MjgzMzIyNDc=,4
LTg0OTI3ODg1OTAxNDIwODc2Njc=,4
LTMyNjg2NTE2NjQzMDcyNzI0NTA=,4
NjEwNDA2NDY4NzM0MjI1MTk1,4
MzEwNzA0OTU1ODY1NDY5NTM1NA==,4
ODA1NTA2OTcyMjk4MjYxOTg3OA==,4
ODU4ODkzODY1NjA3NjIxMTc3,4
LTU1MjQ0MTA1NjI3Nzc2Mzc0NDM=,4
MjY2NTY2ODcwNDYyNzcxOTk1Ng==,4
LTY1MzY3OTc1MzE2NDI2MDM2NDc=,4
LTEyNzM0NDY5ODk0NzM4Mjg1MzQ=,4
LTExODU3Njc0NDUyNDg1MjgyMzI=,4
MzExNTI0ODQ3OTQxODc3MzA5,4
NzIxMTY5MDUxNjgxMzgxNDE2NA==,4
LTYwMzQ2MTQ2MDg2NTk5Njk0Mw==,4
NTg4NjAxMjk3ODg4NTU2Nzg5MA==,4
LTEzNTM0MTg4NTU1MTk3MDE2Mzk=,4
Nzc4MjQxNTAyMjIzMTgxNDE5NA==,4
LTQ4MjgyNDU0Mzc3MTQ1MTEwNTI=,4
LTE3OTE2NzM1MjcwMTE3MjIwODc=,4
NDI5Mjk0MzE1NzMwMDM4NDU4NA==,4
LTg1OTY5NjQ4OTI5NTA5NDU2NjM=,4
Mzk0MDgzNjk3NDQzMDI4MjIxOQ==,4
LTg5NTA2OTA1NTU4MDYwNDQwODU=,4
LTQ2MjI2NzcyMDgxMzkzMjU5NDc=,4
MjI1MjY5MTg5OTkxNzk1MjE0OQ==,4
LTE5NzMxNDA5NTA4MTEwMTQ5ODQ=,4
LTc4NjcxNzg3MDEwNTc2Nzk1Njg=,4
MjY0OTkyMzQ1MDU1NjM2MDA3Nw==,4
LTQxMTc3Nzc4MjMyODM3MzgyOTk=,4
MzIxMzA4NTYxMDM0NjQwOTYx,4
LTU4MzUwMTg1NjkwNjI0ODc5NTU=,4
LTQ4Mzc0OTkxMjMzMjQ4NzY4OTU=,4
LTg1MDEyMjU2NTcyNTkwMzE5MzY=,4
Mzg2MTEzNDQ5NTM2OTEwNjE=,4
NTAyNjcwNDU3NTYwNzY5NTEyOQ==,4
LTU2MDQzNDMwMjU3OTgwNTg0NDE=,4
MjEwMDYyNzM1OTA2NjkwMzEwNQ==,4
LTc1MDU3NDkxNTMxOTUxMTg0MzI=,4
LTM0OTc5NTAxMTI2MDI0NTc1,4
LTYzNDc5Mzg2NTU1NTM3MzAyMDE=,4
LTM0NDk4MzkwNjcwMzQ3MjQ0OTI=,4
NDU3ODE2MzA3MzU1MjY2MDk5NA==,4
NDc5NzgyMTE5MTg2NjI2NjA3Mg==,4
MTg1MDAyNTIwMDIyNTE0Mjg0NA==,4
LTUyNjU4MTAwMzgwMzI4OTg1Nzc=,4
LTkxOTA1MTI4OTAzNzg5MTAyNTk=,4
Njg1OTQyMTczMzA4MDEzOTYzNA==,4
LTc4MTQzMDYzNzc3MzYwMDMwODA=,4
LTY1MDQ5NDI5MDM0MTA3NTU0NDI=,4
LTkyMjA1OTQ0MjU5OTM5NTc3MjQ=,4
MTQ1NjA5OTk2MDE4NzYwNDk4OA==,4
NDcyMzg3MjM0Nzk3MTAxMzQxMQ==,4
NjA2NTI4NTExMDM2NTkwODY5NQ==,4
LTg0NjczODQ3MjM5MzcwNTg1MjU=,4
NDAzNjA0ODkyNjQ2MzE0MjQwOQ==,4
LTQzNTYyODE2NDIwODYwMTY2MzU=,4
NDc0MjQ5OTQ2MDU2NjYxNTc1Mg==,4
ODU2MDM3MjgyNTUxODE5Mzgw,4
LTIxNTM5OTg4NDIzOTA3NDM3NDc=,4
NzcwMzgzMzYxMDYxMjc5MzU4OA==,4
MzQyMDk4NDg3MjU0MTY4MTgxMw==,4
NjQxODQ3OTQyODU2NzQxMDg=,4
LTMwNzc1NTc1NzYyNTU0NzI4Mjc=,4
NzgxMTM4NTg1Mzg1NzExNTE2NQ==,4
NTQ4ODA1Mzg4NjAzNDIwOTgx,4
NDQ2NDcxMTIzNDM3MjI5MTAz,4
Mzk4OTU3MTc0MTcxMzMxODYwMw==,4
LTU5MzA4MzE4MzI5ODk5NjE5ODM=,4
LTY3MzMzMTkxNDMzNTg3ODAwNjM=,4
OTAzNTQzMjM1NDk2MDQ0OTE2OQ==,4
LTkwNDI5MDExMDU5MjcyNDk4MjU=,5
LTg1NDcwOTk2Njk4MDU4OTE3Mg==,5
LTUyOTQ2MzAxMzAyNDk3Mzc0OQ==,5
NDM4MzczNzc4MjIwNDgwNzE0Nw==,5
LTQxODM2MTExNjQ0NzY1NTYyMDY=,5
OTA5NjgwNzU3NTgxMjkxNjE4Mg==,5
NTc1MjMzNDQ4NDU4ODU0NDQwNQ==,5
LTg0ODUxNTYzMTA4MzA2MzMxMTQ=,5
MjQ4MTk2OTc2OTkxNDgxODA5OQ==,5
NDg5NDExODU3MzQzOTQzMDk2MA==,5
LTc4NDUxOTYxODk3NDE2NjI3NA==,5
NzI5MjQ4NDA0ODI1NjkyODYyMw==,5
LTcwNjIyNzQ0MzQ1NTIwMTEyMDg=,5
LTc0NjUxMzQxMjI4OTU4Mjc1NzA=,5
LTYyMjQ2MzU4NDI3MTM1Mjc5MDg=,5
MjA1Mjk1MTE5MTg5NTA3NTEzMQ==,5
LTQ3NDM4MTUxMTgwODA1OTI5Ng==,5
Njk0Mzc4OTIzMTk1NTY1NjIyNg==,5
LTgzMjk4NDA5NzQ3MTI0NTA5OTQ=,5
LTkxNzk2MDU1OTA1MjIzMjI1Nw==,5
LTYxNzUwNjY1NzY1Njc0OTcyNzQ=,5
NjU2MzEzNDgwNzM2MzU1NDgxNw==,5
NTM3MTE3NjEzNjY1NzcxMzQxMA==,5
ODk3NDAwNzUxMDUwNzM4NzE2OQ==,5
LTU3MDU2MTYxNDMxMTQyODUxMTc=,5
NzY5ODU1Mzg4MDUwMDU4MDI2,5
ODcxMzc1NDg3MjczMTQxODUxMA==,5
ODI0NTE2MDA0MTc5MTcyNzQzMQ==,5
LTQ5MDI3NjYwMzk3Njc0OTY0Mg==,5
LTEyOTYwODk3MTAzMjMwODE0MDk=,5
LTU1MzI4MDE3MTg3MjU0NzcwMTQ=,5
LTM4OTE3OTU2MzcyOTM5MjM3MTQ=,5
NzMyNjY5NTE2MDE3MTY3MTEwOQ==,5
LTEzNzcyMTcyNTM2MjY4MzkxMTU=,5
NzE5Mjc1ODU2ODQ5MDQ4MDIwOA==,5
ODIwNzk5NzU5NDg5NzMwNDIwMQ==,5
LTkxNDcxMjA2ODM4NzIyNDE5NTE=,5
MzM3NTQ3OTk4Njg1OTExNDY3Mg==,5
LTc4MzEwMjQwMzUxMTc1MTk1NzQ=,5
NDI3MTgzOTE3Nzk5OTM3NzIxOQ==,5
NjIyOTkwOTkzNDEzNTYyODIxOQ==,5
MTAzMTk5NTQzMDIxOTAwNTE2Nw==,5
LTcwMTQ2OTU1MDEzMDgzNzc2Mzg=,5
LTIzMzM0MzIyNjkxOTA4NTQzMTc=,5
MjA5NDAyMjQ4MDQ4MjM4ODM3Mw==,5
Mzc5MzMwMjU5ODAwNzQ4OTI5Mw==,5
ODM5Njg4Mzk4NjI0MTcxMzI3MQ==,5
LTM4OTEyMjY4Mzg5ODUwNDIwNDI=,5
NzAzNTYwMzc3Mzg2NTAzNDMyNw==,5
LTE3MTE3MzE3MTI2MTU3MTExNDg=,5
ODMxNTg1MTY0MzE5OTE4ODMzMA==,5
LTMxMjM5NDA5NDAwODAwMDMzNDc=,5
LTgzMzgwNjg2ODYxOTYxNzY2MDk=,5
LTMwNTkzNjY1MTk5MTg5MzU2Mg==,5
LTg1MTk5NTI5MDA1NTMwMDg0MTY=,5
Mjc3Mzc3NTE5MjExODIwNDk2,5
LTI4OTcxMTcxNzUxMjE3NzEzNDQ=,5
LTg3Njg3NzI4ODc0NzgxNjcyNDQ=,5
LTg3MzMwMzAyMDc2MTYzOTM0ODg=,5
Mzg0MjQ4MTQ2MjAzMTk4MzY1Nw==,5
LTM3MTM3ODY0ODE5OTAwMjk4MjY=,5
MzY4MjkyOTM2NTAxNDc4NDgyNQ==,5
LTcyNjgzNTYzMDg3OTUyMjI3MzI=,5
NTI2MzcxMTY0ODk3MDUwNjQ5NA==,5
LTI3Njk4NzAxMjE5NDQ1MzU4OA==,5
LTIxMjg5MjM3NDg0NDQ0NTA4NjQ=,5
NTkyOTYzMTgxOTkwNTY2MTUxMg==,5
LTQ0NTcyMTM0MzgzNjI3NTE0MzY=,5
LTY1MjgwNjc1NDI3NzU0NzIzNw==,5
ODg3MzI3NDgyODMyMDE0MTAxMg==,5
MjMwOTAyMTA3NDc0NTkzMTY5NA==,5
LTM0MjQ3Mzc0NjAyMzI1NjQ1OTA=,5
NzU0NTQ1NDI5MTg4NzEwMjA4Mg==,5
LTE5MjY5OTEyODQwNjc3MDgzOTA=,5
LTczMjUyOTI0Mjg0MDI1Mjg4OTA=,5
MjkwMDE0Mjg2NzQzNjU1NzcyMQ==,5
NTg3MTk3MjkxMDI1NDI3NTgxMQ==,5
LTg1NDMwMjI5NDE5NzQ1MzUwMDg=,5
LTEzODY5NjU0MTIyMjAwOTUzMTI=,5
LTM1Nzk4MjQ5MzIzNzQwOTI1NDk=,5
LTE2NDg5NzYyOTg2ODQyMzY1ODI=,5
NjgxOTMwNDU0MzM2NjYwMDA0NA==,5
LTY3MTc1NTkyMjM5NzM0ODY0NzY=,5
LTc2OTk5OTY5MTg5NDA5OTU2Mg==,5
LTU4ODQyNTcyMDYxOTAxMjUyNjY=,5
LTU5MDM0NDMxNzY4MTUxMTkxMTU=,5
MTM3NjA0NjMwOTE5NDk1MjkyMw==,5
NDU4MjQwMzUxNDk2OTIyMzM5MQ==,5
Mjk0OTI5MDI4MjYxMzQ1MTE3Nw==,5
NzQ5NjQ1NzUyMDc4MjIyMTI1NQ==,5
OTM4NTY1MDQ5NzczMzcxMTQ0,5
LTg1MzczMDQ3NTAxNjU0Njk3NTY=,5
LTY2NTE4MzU1ODI0Mjg5ODA5ODM=,5
MTI1NzEzMDI1OTEzMzE2OTMyNA==,5
MzI1MDc1Mjg2NzM3NTQ3NTQ0,5
OTA2OTEyNDM5Mzg0OTQwMzQ0Nw==,5
LTUxMDk4NzU3NTQ1MTc5MTk5MjM=,5
LTY2NDAyMzE1NDc2NTU4NzM3NDA=,5
Mjg3MjM5OTczNjM1MzQ1MTkwMg==,5
LTEzNDc0MDczMDU3NzU1NzQwMDE=,5
NTc0NzUxNTg5NjMyOTg3MTY2OA==,5
LTIwMjYxMTQ0MDcyMjkzNTQ4NTU=,5
LTU5Njg1NjQxOTc2NzUwOTgxMzU=,5
LTEwOTc2MzA1NTE5OTYwOTk2MjM=,5
LTUxNzIwNTE4NDM4Nzc3NzY3OQ==,5
NjM0OTkxNzUyOTEwMjc0MzE4Mw==,5
NDkzNzA0NTgyOTU1NzYyMDAzNQ==,5
ODkwMTIwNTc5ODc2MzkyNjEzOQ==,5
NDk1MDMwMTEwMDkwNzgyMzU1Mg==,5
LTE5NjM1NzIwMzUyMTkxNDE3NzM=,5
LTY0MjM3NjI0MzM2NDQ5MTgxNjM=,5
Mjc4OTUwMzk0NDUzMDc4ODkwMQ==,5
NTY1ODY2MDkzMjM5Mjk1MDYzNA==,5
LTI2MzQyMTA4NDk3MDE1NjAzOTU=,5
LTQ4MDgzODExNjk5ODA0MDE3NDQ=,5
LTIwMzI0Mzk4ODE5MTMwNzgyMjQ=,5
MTcxOTMzNDA4MDI5NTg3ODIxMg==,5
LTQ2NjEyNjM1NTg2MzUyMDc1OTA=,5
LTc2NzI5ODk5OTIwNTEwMzExOTM=,5
NDcwMjA2ODU1NDA3NzM2ODY2MQ==,5
NzgzODUyOTE0MTc2NjE0ODcwOQ==,5
LTU1MTgyNzI4NDM2MzA5OTIzMTI=,5
LTYwNDU4MDEzMTE2NzU0NDk4ODk=,5
MzgwOTk1Nzk2NDAwNDk2NzEyMQ==,5
LTE0NDQ3MTE5Nzc3MjU5Nzg5NTg=,5
LTI4ODMwNTM0NjE0OTM4MjY0MjY=,5
NDkzMjYwNjU2MzQ4NTQyMTg3NA==,5
LTUwNDc3MTA3MTkyNzUyNDQyODM=,5
LTI4NTg3Mjk0NjU3MjQ3NzMxODM=,5
MTM5NzY0NjQxMDc3NDU1MzYyNA==,5
MzA3MDY3Nzg3NTc4OTgzOTk2NQ==,5
OTI0NDg2ODA1OTU3NDA1Nzg1,5
LTY0NTUyMzQ0NzY2MzgxMTk3MTk=,5
MzA3NTQ4MjIyMjU0NTMxOTg4OA==,5
NzE4NTM2Njg2MjkwNzQ0Mjk1NA==,5
NDcwOTE5NTU2Nzc5Njk1ODY0Mg==,5
MjU1ODMyODM2OTA0MTQ2Njg1Ng==,5
NTI3NjEzMzUyODAzNjk5MzUxNw==,5
NTgwNjU5NDU2NTUwNjE5NDgxOQ==,5
NDMxODM4MzUyODczNTgwMDM2MQ==,5
ODA3NDE0Mjc5NDEyNTk3NjExMA==,5
ODE3MDg2MzM4OTM5MDM4OTQzMA==,5
Mzg4Mjk4NzIyNjk4NzU5MTY1MA==,5
LTg3NDg3MDc5NjkyMTA5MzMwNjc=,5
ODg2Njc2NjMyNjU2Mzk5MjIzNA==,5
NzY0NzI2MDM3NTIwNjk4MDU2NA==,5
NTkzNDQ4MDUwNzQzMTMwNjEwNA==,5
LTY3OTY5NTE3ODU1MjAwOTI3NDg=,5
MzIyNTkzNjM0NzYzODIyOTE5OA==,5
ODkyOTIwMzA1NDg4ODcxNDQ4OA==,5
LTUwNzMxNjc1NzAxNTc2MzU5Mjg=,5
MzQyMjQzODg1NzY5OTA4Mzc3MA==,5
LTc5NjI1OTEyMjI1ODYxMTkyMzY=,5
LTIxMjQzMzc2MTY0NDg2NDI3NjM=,5
LTU2Nzg1MzcwMDkyNDczMTI0Njk=,5
NDAxNjA1NDUyMDk0NzE1MzMwMg==,5
MzkyNjM4MTg3MzExMzc3MDIyOQ==,5
LTQ0OTgwMzAwMDI0NDE2MDc2Mjc=,5
NTU1ODg3ODIyMjM3NTc0MTg4MA==,5
NDI5Mzg0ODU2NTE5ODI5MjI4NQ==,5
NTM3NzI2Nzg4NjIzOTM4NTY2Ng==,5
NTUwODUyNTM0Njk1OTYzNjI4NA==,5
NDk0Njk0NjkyOTQ3NzA2ODA0Mg==,5
NzM3OTE3MDY0ODkwNzg3NjY1Nw==,5
NTEzMTU2MjczNDc3NzAzNDgzNg==,5
LTQ0OTgyNDIzODc0NzY5MDUxNTQ=,5
LTU0MDgwODU5NzUwMjQ3ODkzODc=,5
NTMxNjM5MzYxMjkxMTg1MTgwNA==,5
MTM1Njc4NTIyMjkxNzM3OTMyMg==,5
NjIzNDE1ODQ1MTg5NjExNDc4OQ==,5
NDQ0MzE1ODg4MTc1OTk4OTA0MQ==,5
NTYwNjU5MDM0ODk4MDg4MDk1OQ==,5
LTg4ODAxMDkxMDg3NTA0MDg4NzM=,5
MTYyMTQyNTAxMDI1MjU3MDE5,5
LTU4MDAzODQ5MTY2NTY0NDc4NjQ=,5
ODk4MjUwNjk5NTkwMTc1NDIzMg==,5
ODg3MTMyMzc0OTk4MTExMjY3,5
LTU4MjcyNzU4Nzc0OTI1MDIwNzM=,5
NDA2NjcyNjQ4OTE0MzE2Njc2NQ==,5
Mzc0MDIwMTcyOTM2NjU0MTMy,5
Mjc5MDkwMDQ4MDc1OTM0NjM0NA==,5
MzA5ODk1MTM4NTY5MjMyOTE1NA==,5
LTQ2NTEzNjIyMTA2NTAwMTc0NjU=,5
NzgwODMwOTIwNDg2MTM4NzI5MA==,5
LTM2Njg5NDQ3MjgzNDkzMDExODU=,5
MzEwODc4MDE1OTU4OTY5NDEzMw==,5
MjQ4ODgxNDY0OTE2MjIzNDY5Mg==,5
MTQxNzgwNzgwODE3NzA3MjA2NA==,5
Nzk2MzgwMDQ2NDE2ODgxNzA4OA==,5
ODMxNzE2MDAxMzA4Mzc5NDM5OA==,5
Nzg3MzYxOTc5OTI5NzMyNTU=,5
NDA0OTM0MDIwNDg5NDA2OTEz,5
MzU4MzYzMzgzNzQxMzAwNDI1Mw==,5
LTY1NDgwNzU2NDQ0MzcyOTE2MTU=,5
NjA3ODk3MzU5NjQ4MDUwMzE3Ng==,5
LTkxNjcwOTc4ODkyNzQ4NzYzNDA=,5
LTc5NjgwNTQ5MzQ3MjY5NDgxNDg=,5
Mjg1NjAyNDI4Nzc1MjE2MDIw,5
LTI4NzMzNTU5MjQyNjM5NDMzMDM=,5
NDk1OTc0Mzg1ODkxNzQ2MjE1,5
NjE2NjgwODM2Njc1NDYwMDExOA==,5
LTE2NDUzNjUzNDY3NjY0MzI1NzQ=,5
LTc2NzY4OTg5NDM2MDMwNzAzMzQ=,5
LTY3MDYyMDc2Nzc3MTQ1NDMzMjM=,5
LTE3Njk1NTc1Njc3MDUxMzgxMDM=,5
LTM4Njc5Mjc0NzY4MzQ4Mjg3ODU=,5
LTY1MzM4NDE0MDk2NTA0NTU2ODg=,5
NjkxNjQxOTc2MTQ0MjE1OTMzMg==,5
LTQ5NDIxNjM0OTA1NTA3OTM2ODk=,5
NDAxMTE2MjQ1MjcwMDU4NTQyMQ==,5
LTEwODc3NDYxOTgyNDMzNDYxNDY=,5
NzY5NjU4Mjc2MjkxMTk4NTk5OA==,5
LTcwODcyNjQ2NjgxNjEwMDYwMjU=,5
Njk0Nzk5NjIyMTg2MjY3MTA3Ng==,5
LTgxOTQ3NzgwNzk0MjAxMTU2NzY=,5
LTIzNzE4NTQ1MjYzNTU1MjMyNDI=,5
LTkxNzU2NDY1NDAyMDE2NzEyODU=,5
LTExMjgyMzA1MzIyNDg5Njg0ODU=,5
NTY0MTk3Mzg4NDgyMjE2Mjc2NA==,5
Njc0NTUwODI2NTcwODExODY3Ng==,5
NDI4NTg0MzEyNTQ5NTQ4ODUxMQ==,5
NTEzMTg5NTU4NTE0ODMzMDUxMg==,5
LTQ5NTY0ODM5NzYwNTUyNzM1NDc=,5
LTc2ODU1MzY5MTQ4NjczNTYzODE=,5
MzU1MjYxMjE5NTMxNTM0MDAzOA==,5
LTcyNTkxODQ1OTIyMjAwOTgwODY=,5
NDQ2NzUzNjk1NTAwNDA3ODM4Nw==,5
LTE0Njc4OTQ5MTQyMjkzNDcwMDI=,5
LTQ1NzA5NzA4MjI3NzIxMzEzNDc=,5
MTE1NzUwNjg4MDY2Mjg3MDE0,5
LTIwOTg4OTc2MDMwMTEzOTAyNzg=,5
NDkxNTMwNzU1MTQ2MTAxMDY3NA==,5
LTIxMDI2NDU1Njc5OTEyMjcwNDI=,5
LTM0NDA0NjY5MzU3Mjg1MTAzMzk=,5
MzYwMTgwMjg2MDI2NTk5MjIz,5
MTA5OTUzMjczNjc1ODA0NDYwOQ==,5
LTUzNDY5NjQ0NzM0ODE5MzUxMDA=,5
MjI3MDg5MjY1NDE2NjA0MTYwMQ==,5
MjUxMTAxMjk4MDM4MzQ5OTM4Mw==,5
LTc5NDA4OTc0MzgwNzY2MDgyOTg=,5
LTMzMTE2MjA2NjEwODEyOTg1OA==,5
OTExNDU4NTU1ODI2OTY2NTExNA==,5
MzE0NDQxMzUyMDE3NzkyMzcyOQ==,5
LTM1OTE2NTcwODg2OTUzNjAzMDQ=,5
MjMwNTIzOTg5NDU4MDExMjA4NQ==,5
NDQxNjQxMDY4NDcyNjU1OTY1NQ==,5
LTQ3MDc2Mjg1MzUzOTAzNzE3ODE=,5
OTE3MzM1OTgzOTcyMzA2OTM0NA==,5
NTk5NTI0NTA2MjU4MTczNDQxMw==,5
MTQwNzcwMDczNjMyOTYyMzg1MQ==,5
LTU2MDUyMjg5OTM1NjE2NDU2ODI=,5
LTQxNDE5MjU4NjI5ODU3NTE2MTA=,5
NzY1NzQ5NjgxNTgzMjQ2MzU4Mg==,5
NzcwMDg3NTIzOTIwNTM2NjAzNQ==,5
LTYzNDM4NDk5MjY1NDI3MzU2MTg=,5
MzY2ODQ0MTU1MjEyMzAyOTY0NA==,5
NTE0NDcxNDM1NjI2ODE2MDg3OQ==,5
LTYyNjU0MDQ3NTAyNjg1ODE5MTQ=,5
NjQ2NjI3MTk4MTA4MjM0MTg2Mw==,5
NTU1MTAyODYxNTE2NzYyNDk0NQ==,5
NDc0MDgwNjAxNzYwMzA3MzMyNg==,5
NjQ5OTkxOTc0NzYwMzc2ODY3MA==,5
NDk0OTYzODMzODQyMzg1MDEz,5
LTMyMTk0MTAxMTQ3MTQ2MjUwNzY=,5
Mjk3MjgyMzU0MTc2MDE3NjI0Nw==,5
LTYxNzI3NTI1NDM5NTM3MjQ1OTQ=,5
NTY3OTEyMjA1NzE0MjQxMjk1,5
LTY4NDEzOTcyNzYzNDI2ODkxMDA=,5
ODA2OTY1MDQ1MzQwOTE1ODE0NA==,5
NDc2MTc0ODk4Mjg0NDc0NzQ4Mw==,5
MjE3MTIzMzEzOTIyNDU1MzAy,5
MzYwMTUzMTczNTQ0NjgyMDU5NA==,5
LTQ5MjA0MjI2NjA0Mzk0MTYxOTQ=,5
LTQ2MzMzOTAwMDQ2OTc0NTgyOTI=,5
LTQ0MzM2MzIzOTAyNDg0NjgzNjM=,5
LTExNTQ2OTc5OTkzMjc4MTQzNjA=,5
Mzg0MzY5OTkxODE2NTYwMDY0Ng==,5
NDY4NjAwMjc4NjQ2NzY4ODY1MA==,5
MjcxMjIwMDk5MjUyOTU4NTkx,5
MjE1NzY2OTI3NTM4MjY4MDI1OA==,5
MTQzNTY2MjI4MDEwNDk0NjgyMQ==,5
MTg2NDU5NjIwMDYzMDI0NjA1Mw==,5
LTY3ODcyODU1NDU3NTUyNjA5NzE=,5
ODgyNjc4NjA4MjM1NDI5NDY3Ng==,5
ODg5NzM4NjY3NjMxMTIxMTQ5OA==,5
LTMwMDQ2OTM0NzIxNTkyODQ3MTk=,5
LTkxODQyMzA5OTIwMTQ4NTAxNTI=,5
Nzc1NTU2NDQ3OTYyNzI1NzczMw==,5
MTMzMjczNTU3MjkyMDc4NjUyMg==,5
NTc1ODk0ODk4MDQ4OTA3NzYzNw==,5
LTc3MjY4NDM5MTE2Njg4NDQwOTA=,5
LTkwNzU5MDM3NTU3MTY2OTIxOTY=,5
LTg5OTMwMDIwMDY1NjY2ODU5Nw==,5
MjM4OTgzNDYzMjc4NTE1NTgzMg==,5
LTM2ODU4NTc4MDIyMjgzMjE5NzM=,5
Mzc1NDg2MTU4NjIwMzg5MzMwNg==,5
LTM0Mzg3OTk1MzE0NzgzNDM0NTY=,5
NzQyNTE3NTM1NTA2NTAzMzMxOQ==,5
LTQzNzM5Njk4MTI0OTc2NTAwNzM=,5
LTQ2MDE3Mjk2OTAyODk4MzgzMDk=,5
LTYxNDkyNTI2ODI2OTU2OTYzMDk=,5
LTY1MTk3NTQ0NTg2Mjc4NzkyNzI=,5
ODYxOTcyNzY5Nzk2MjAwMDY3Nw==,5
LTU5MjQyMDM0Nzk5MDY5NzEwNTE=,5
MzA2Mzk2MDU2ODE3MTI4ODI0MQ==,5
LTIxODUzODE5NjgxNzE1MTk0Mg==,5
LTUwMTU5NDQwNDE5MzUzNzMzNDQ=,5
MzQ5NzA4NzAzMzQzNTU0MDE5OA==,5
LTQ0MDIzOTI1ODU5NDAzMDcxNTY=,5
NjM4Nzg0MDE0OTk2MTczMzY5Mw==,5
NzY3Nzk3MjE1NzQ2NTcxMTQxMg==,5
LTMzNTYxODE0MjY3MDg3NzUwOTA=,5
MzIzMTQ0OTMwNjc0NTY3NTcyMg==,5
LTM0MDU5MjM1ODYzMDc1MTU4MjI=,5
LTQ5NDEzOTgzNjU1NjI2MjQ2NzM=,5
NTYzMDE1OTU4MDYzMjg2NzEyMA==,5
NzA5MzMzNzE4OTk0Mzc3MjI2,5
LTI3NzYyMjIwOTg0OTgxNzAzNw==,5
LTgzMjIzNDMwMDA1ODc1MjMwNTM=,5
ODQyOTA0NjA3MDY3OTc0MDQ2Mw==,5
LTU3NzU3MDk3ODIwNjgwNTg5ODc=,5
MTA3ODE5NzYzMjk1NDk3MjA0Mw==,5
ODUyNTg5ODY5NzI1Njc0MTgzNQ==,5
MTc4NzY2MjEzNzMwOTM5NzkzNQ==,5
Nzg1MDYxNTU3NTQwNDk0MDAyMQ==,5
LTY0OTkxMTM3MzE4NzUxMjAwOTU=,5
LTIxMTIwMTg5Mjk4NzU0MTIxODg=,5
LTY4Njc2MTk3NjU4NTQwODA0MDY=,5
LTQ1Njc2Mzc5MTgzMzg0ODUxMDU=,5
LTIxMzI5NDUxNTUwMDA0MDE2NTQ=,5
LTc4MDY5Mzk3NzczMTcxNDQyMTM=,5
LTUzMzIxODYwNzQ3MTQzNTM1MzA=,5
NjM2MTcyMTExMjI3Mjg1MzM0OA==,5
LTIzMjAwOTA1NzI3MjQwMTM3NDg=,5
NTM5MDczMjYxNjQ5NzY3ODUzOQ==,5
LTY3MTY2NzcyNTcxODMyNDQ1MDg=,5
LTQyNDI2NTU4Mzk2ODY2MjA0Mjk=,5
MTA1NTk5NTY1NDQzMzYwMTc1NQ==,5
LTI0OTQzOTc0NzU2NTAyMDAzMjA=,5
MTM4MDIwNjQxMTkxMjYxOTk2,5
LTI3NjA3OTg0NjUzMzM5NDg5MTI=,5
NDk0MzM3NTA0OTY4NTE1MzQ1NQ==,5
LTc5MTYwMzE3NDQ2MzUxNzg2ODk=,5
NzI3MjE3OTM4MTY0MzI0MTgwNg==,5
MTk2NzExMDIyMjk3MDQwNDY3Ng==,5
ODE5MjUyNDA2MzUzNzUzMjkzNQ==,5
MzQ3NjY5NzA4ODYzOTMyMDIzNw==,5
NTU2Nzc4NjAzMDY5OTE0OTkzNQ==,5
LTEwNjk2NDA3Nzc1NDE3NTQ0MTE=,5
LTE2MDcxMTI2ODI2MDA5MjQ3NDY=,5
MjgwNTc3NzYwMzA0MTkxNTk4NQ==,5
LTUwMzUxNzk0MzkzNjE3NDYzOTY=,5
LTE3ODY4ODA2NjM2MDgxMzA2OTc=,5
LTQyODM4Nzg2NjEyNzA2NDk2NDU=,5
LTI4ODY0MTkzMjQ4NzMwMDMyNTM=,5
LTQ5MTU3MzMxNTAyMjA3NDMyMDk=,5
LTk5Nzg1ODEzNzc2NTE4ODgwOA==,5
NzU1Mzc2MTE2NjM0MTIwMjM0Ng==,5
LTcwMzk3MDg5MDcxMTk0NzcyMjA=,5
LTU2MTM0NDUxMjM0NTMzOTM3MjA=,5
LTExMzQ3NzIxMjkzNDY5NzA0MDY=,5
Mzc3MzA2MjE5Mjc1NTY2MDcwOQ==,5
LTU4OTAxMDU2NzkxMzQ1MzM1MjQ=,5
LTE1NjcxODk5MTE2NDI2NzAwMzE=,5
NTEyMTgyMjM5NzE5MTI2NzYxOA==,5
LTQ3OTM4Nzk4ODQwMDMwNTE2MDU=,5
Njg5Mzg2NzA3ODI0ODk4MDQzMQ==,5
NTE5ODcyOTkwMjU5NTkyNDY3Mg==,5
LTQ3Njc3MjExNTkyOTAyNDc0MDY=,5
NDYyODA4MTM4MDAwMzg3Njk5OA==,5
LTUxMzUwNzIzOTkxMTU1NjE4NjQ=,5
LTYzODYzODIwNzcyNDQwOTU1NTA=,5
MjI4NDI2OTY1Mzk4NDgyMDIxNQ==,5
LTQ0MzkwNTMxMzQ2NTk1MjQyNjY=,5
LTMxNDU0MDcyNjQ2NTc4MjYzMQ==,5
NDk2NjUxODc2Mzk4MjE2NTg3Nw==,5
LTI4NDMxOTMwODIzNjEzMjI1MjU=,5
LTM5OTM2NzM5NTUwNjEwMTgzODY=,5
MjcyMzQ3MjAxMDk1MzIwNTkwOA==,5
LTU0NTA0NjgzNjg3Njk4NDI1OTY=,5
ODY3MTk1OTcxNjM0NTE2NTI4MQ==,5
ODE3ODIyMzYxMDgxNDE3NDI0Nw==,5
OTg1MTA2NzU5MDAxNDU3MDA2,5
LTY0MTExOTc4MzE4ODA3NzIxMTk=,5
LTQzNzMwNjYwMDE1NTQyMjYyOQ==,5
ODAzODA2MTE5MzM4OTAxMjQ4MA==,5
LTc3MjI5Mjk3OTUxMTE5ODg5OTI=,5
NTMxMDY4NDg5Njg0MjM3ODY4Mw==,5
MTIyNzQ5MTkyMzM3OTYzMzA2Nw==,5
ODIxNTE2ODYyMTQ2MTIwNzQ2OQ==,5
ODE5NzgyODQ0ODg1OTE5OTc5Mw==,5
LTc3MDk3MTQ3NTIxODk2NTI5NTc=,5
NDY3NzIxNzEwMzEwNTI3Nzk4NA==,5
LTM2MTg1OTc2NzYzMDMwOTI5MjA=,5
LTU4NTE3NjkxNTY1NTk0NDQ3NjE=,5
MzUyNTM1MDg0Njg4MDMzOTc3OA==,5
MzU4MDY1MTA0MDQ1OTY4NTg3MQ==,5
NzcwNzY3MDEzOTU5MDI1ODczNg==,5
MTA2MTMwODcxNDIzMDA4ODUxOQ==,5
LTY3NzI3MzYwOTA4NzYzOTMzMzQ=,5
ODM0ODc2NjU2NjgzODM3ODg5MA==,5
ODY0NTE0NTE3MzAzNTI1MzYzNw==,5
Mzc1NzgzOTQ0MzM4ODA1MDUzNg==,5
NDIzODI1MTIwNTU5MTIzMTYzMw==,5
LTI5MjYwODQ3MzI2NTUxODA4ODQ=,5
LTU3MDIzNTQzMjAxNTU0NDgwODU=,5
NzExNzM0MzkzMDMwNTE1NDM0OA==,5
NjQzMTk2ODY3NTc0MTQwNjUyOQ==,5
LTY4NTYwNTI0MjMwMjk5Njg0Mjc=,5
LTc4ODgyODM4ODY4MTE5OTkzNTY=,5
LTM0MDQ1OTAwODkxMjcwODA4MTc=,5
NjkyMjUwNTk5NTI5MTg3OTg2,5
LTgxNTQ1MDQxNDg1MjI4NDIyMjk=,5
NjQyNzMxOTg2NjczNTE4MzgzMQ==,5
Mjg3NTg1Mjc1NDk4MzA5NzQxMA==,5
MTQ4MTIyNDc4NDA3NDQ2MTA2Ng==,5
LTU5OTU2NDM1ODQ2ODU2NDMxMjU=,5
LTIyNDU5NTQ5OTc3MDY5NTUwNTE=,5
LTU5MzUyMTEzNzY1NDQ0ODM1NTU=,5
NzkzODk2NTI3ODg2NDgxOTgzOQ==,5
LTg2MTM0NjUzMDM0OTAyNjgyMTE=,5
LTcyNzUwNjIzNDc0Mjc3ODUxNzc=,5
LTU0Njk1MjI2MjQzNDg2MDc5MzI=,5
LTExNTEyMzc0MjQ4MTQwMDEyOTM=,5
LTc0Nzk5NzcwOTQzOTQ1NzI2MDc=,5
MTE5NTM3MjEyMTQ4MzI4MjQxNg==,5
LTIwOTI2MDk2ODg5MTUzNjg1NDI=,5
NzE5NTQ5MTI0NTA4MzE2ODIyMw==,5
NjYyMzU5MzM4MDUyOTM2Nzg5Mw==,5
NDI2MDA3MTEwNzk0MDk4MTAwMw==,5
MjYzNzcwNzI3NzU0ODU1MTU3Mg==,5
LTgzNzUwMzk4NDQ2Njk1MzE5Mjc=,5
Njc4NzU3MTM2MTM0MzQwOTYwNQ==,5
LTgzNjYyMzQyODQ3Mjc5MTYwNzE=,5
LTgxMzU4NjI3MzI3MDMyNTU1OTQ=,5
LTM2MTgwNTI4OTY0OTY0NjYyMDA=,5
NTE2NjgwMDE1MzYzOTc4MzU3Nw==,5
LTM0MzEyMDUwMzMyNjcxNzc4MzQ=,5
MTAwODYxODc2OTMzOTk2OTQ0,5
LTQ4NTEzNTg2NzUzMTIwNDQwNA==,5
MzU1ODIzMTAxODc1NzQ5NDM2MQ==,5
MjEwOTA5MDE3NDkwMjc0MTMyMg==,5
LTMxMzAwNTcwNDk4OTcyNDc4ODU=,5
NTI1OTIxODM0MTQ5NDEwMTUyNw==,5
MjIwNTQ0MTI1NzQ4MzkwNjkwNQ==,5
MTEyODE5MDIzMjQ5MzA1NjQ3MQ==,5
MTQ5NzE1NTY5NjA5NzMzNzE2MA==,5
LTMxMTY3ODMyMjYyMzM3ODAzMzU=,5
LTY0ODYxNDc3MjE1MTE3Nzk3NDQ=,5
LTU1OTEzMjI4OTY4NTY2MDU0OTM=,5
NzQwMDU2MjkyMTQxMjE0NTE3OQ==,5
MjMwMzAxMzM4MTI5MTM3ODk4Mg==,5
LTM0NjE1MjU1ODU3MDU3MTgwOTk=,5
MjczMzQzMTU2MDM2MjU1Mzk3NQ==,5
NTY3OTc5Nzc2MDU0Mjg4MTA1MQ==,5
LTEwMDM1MjM1Mzk0NTA0ODQ1OTM=,5
NjY1OTQ1ODMzNTU0MTIxODI1Nw==,5
MTg2MzcxMjk3NTY3MTc3NTI3OQ==,5
LTcyOTAwOTA5MzI4MzA2ODQ3MTA=,5
NzI1OTAwNjU5MDQxOTc1MTgy,5
NzYwNTY2NzY5NTg5OTE0MDEyNQ==,5
LTEzNDY0NzM5NTY3MDU5NDA3ODg=,5
NDY3OTE0MjAyNjg1NDYxMjI5Mg==,5
LTg1NzIzOTE1MzA5ODM2MjMyMTE=,5
LTc5NTc3MzA0MzEzNDU3NDk0MjQ=,5
LTk2MTYwNTQxNzU2NTU1NjYzOQ==,5
NjI2MDY2MzY1NDIwNDEzNTAwOQ==,5
NTYxNjI4MjE5ODMyMDkxOTYz,5
LTI2ODkzNzUwNTMzNDg5MTU4MTY=,5
MTIwNzgzNDc5MTg4MDQ4NDI3OA==,5
NTIyNzc2NDEwNzE4MDE1NzU0,5
LTMwMTk0MTQ1NjQwNTkzNzE5NTI=,5
ODk4MTE0MzI5ODU4NDQyODcz,5
ODI1NTc5NDIxMTM4OTE1NzMzOQ==,5
MzY4Njg0NTQ3MDA4MTAzNDI2MQ==,5
MTY4MDczMDMyODI1NjU3OTM1Ng==,5
LTg1NDE3MTYyOTI0NDc4NDk2Mzk=,5
LTkwMjE2MDU3NjgyNDM3NjQ0ODg=,5
LTE3OTg1NTcwOTEwOTI1NDUzOTA=,5
LTQ2ODk1MjkwNzI0Mzc5MzQzMDM=,5
NDM3MTk1NTEwMDMxNTgxMjg=,5
LTQwOTQwMjUzMjU0OTA2NzQ1NDM=,5
Njc2MDExNTg5ODUyMTM1MTkyNg==,5
Mjc2MzExNDM1NjkxMjI3OTYyOQ==,5
MjIyMDE5MzEyMzkzNDc3NTk4MA==,5
NjI3ODM5NjQ0OTU0Mjc2OTMxNA==,5
LTIwMTE0NjMxNjg4MTg1OTc0ODE=,5
LTcxMjE0NjM1MTc4OTQxMDUwMzM=,5
LTEzNTIzNDc1OTMxMTkyODUzMjU=,5
NzUxOTQzMDg1NjY3NDMzODkzMQ==,5
MTA3MjU2Mzk5ODA2NzI3NDYxNg==,5
LTQ0MTg5MDU2MDg1MDEwMDEyODc=,5
LTUzNDgwNjk3MTU3MzYwMzg0MDA=,5
LTg0MjkxOTgyMjA3NDc2OTc2NzU=,5
LTM2MTIyODMyODE0NjU3ODgyNDg=,5
LTIyMjc5MzkzOTEzNTEwNjIzMzY=,5
LTUxODMxMjQ2NTg4MzU5MTI1MTg=,5
MjcxMzkzMTA1NTM2NTQ1MTU4NA==,5
NzU1Mzc5MjE4NzA0NzgzNjY2MA==,5
MTMxNTY1ODU3MjQ3MjI5Mjk2MQ==,5
LTExODQyMDA1OTc2Nzc4MjA5NDc=,6
LTgwNTE3MTczMjYwOTMwOTc4NzA=,6
LTYzNjQ2NzYxMjg5MDgxMjUxMDQ=,6
LTg0ODQxNDYxMzI2ODc4MzU0NTQ=,6
NTE1NzA5MjYwMzUzMTc2NjM3MQ==,6
NTM3MDU3NjQxNzEzOTUxNTIwMQ==,6
Mjk5OTA0NjUyMTM2OTM3MzY0OQ==,6
MzkxNzEzMzU3NDMyNDE4Mzk1,6
Njg4NTgyOTM1NDI4MDQ1MjY=,6
NDAxNzI2MjU4MTg1NTAxMTAz,6
NzI2Mzc5MzU2Mzg4NjMzODYyOA==,6
NTY1NzgwNDM0MDMzNDM5MDA0NQ==,6
LTQxNzAwNjMyNTc5NDU4NDU3NDE=,6
LTMzMTYzMjM3OTAwNzA4NDMxMjY=,6
LTcyNzA2MjA5Njk1MjQyNjc1Nzg=,6
LTMyNTc2OTM0NzQyNTk5MzE4NTk=,6
LTQyNzg1NzgxMDIzNDY0NTA5NDk=,6
LTMxOTM5NTk4MjYzNDM1ODM0MQ==,6
MjY3Njg1NTMwODY0ODI2NzAxMg==,6
MjI5MDc4MDQ4NDQ3Mzg3NDA3NA==,6
ODgzMzkyMDA2NzU5OTIxNDgwOA==,6
LTU0MzUwODcxNjUyMTk3MTQ3NzQ=,6
MjkzOTUyODY3MDUxMjkwMzc0OQ==,6
NjUxMjkyOTY1NTgwMzI5NjIwMQ==,6
ODEwNDAyMTYwNDI0OTEwNDczOQ==,6
LTM3MTMxMjU4MDMxMDE5OTI4NTk=,6
LTU0NjQwMDExNDMzMjM0MzQ4Njk=,6
LTI3ODU2NDQ2OTM0MTczNDE1MTg=,6
LTE5MTU1ODEwMTkwNDY0NzUzMzg=,6
LTI1MjUzMTY2MDI4NzgwMTU1NTI=,6
MjIyNjQ5MzUxNDA4MDc2NzI1,6
LTE3ODcyNDczMzE1NjA4ODU2MTQ=,6
LTI5NDk3ODg5NzE5OTY1NzQwNTM=,6
LTE5MzA1MzEzMDQ5MTM1OTM1NA==,6
NDIwMTYwMjkyOTk3OTg3Njg2OQ==,6
LTU3OTMxNTEzMjA3NzE5Nzg5Njk=,6
NTY0MTUwODkyMDg4MTkxNjg2Mg==,6
LTgxNjIwMTAwOTEwNDUwNjIzNzM=,6
LTQzODUyNjg4NzA4NDk3NTk4MDQ=,6
MjA4MTQ1Mjk1MDU5MTkzNTI3MQ==,6
MzEwMDE3NTY3MTgwNTU4MjMwMg==,6
NjU2OTgwNjM1ODYzMjk5OTU5OQ==,6
NTY3NTk0NjI1NDQ4MzU1Mjc5OA==,6
NDUxNDczNzA4NjE5NTcyODkyNg==,6
NTUxOTc3ODI2NjAzNDE3MTcyNA==,6
MTU1ODQ4MzYyMTE3OTE5OTM2Ng==,6
LTYxMzEwNTg2OTA3ODUwNTM4Mjg=,6
NTYyOTA2ODc0MjUxNTA3NTcyOA==,6
ODAzODY1NDkyNTIxNTc3NDM0Mg==,6
MjE1Njg5MzU1MzYyMzczNjg4NQ==,6
LTU5MDIwMzMzMDMyNjI3MDM1NDA=,6
LTIyMTQyNDg5MDMyMjg4MTg0OTU=,6
LTQwOTk4NjQ3MjQwNjU1NzU0NDk=,6
LTE5MTM4MTY2ODM4MDA4NDkwMTA=,6
LTE1Njc2NjMyOTE1NTQwNTEzMjk=,6
LTUyMDYyOTYzNzk5Nzc0NDUyNjQ=,6
MTIwODc4OTIxMzI5OTEyMzkxMw==,6
LTI3MzM4MTk3MzU1NzMyNjYyNzU=,6
Mzg4NTE4NTY0NjQ0NzUwNzU3NQ==,6
MzMxNDU0MjI4NDU4NDE4MjUzNQ==,6
MzQ0NTg3MTk5MDQ4MzcyNzE0Ng==,6
OTAwMzExNzU4ODYwMjc5ODk2NA==,6
NDI1MDE1MDI3Mjk0NTQwMDg4Mg==,6
MjkyOTAwNjQwMTUxNTM5ODE0MQ==,6
NDg4OTk0MjM1MDAwMDQ1OTUyNA==,6
ODMxNjc3OTMwMTI5OTc0MjI3Ng==,6
LTc5NDU0OTI5Njk1NjgyODE5NA==,6
LTkxMTIwNjY0MjA2MzE5MTYzNw==,6
LTU2MDkxNzk5MTUxMzIwMzMzMA==,6
LTI0MjU3NTA1MTk3NTc0MzYwNzM=,6
MjYxNzU3NzgwNzYyMDI3OTc4Mg==,6
LTYxNTgyMzAyOTI4OTcwNDU0MzQ=,6
NzgyNDQxMzA1MzUxMzc5NDQ2Ng==,6
NTM1MTYzNzIwNTcxODUwMzE2Mw==,6
NjQwNDk2OTA5MTg0MjA2MTI5OA==,6
LTIzNDY5NjU1MDkxMDM1ODE2MjQ=,6
LTU5MjAyNDI4OTg1NTMzMTUwODU=,6
LTc5NTg5Nzk3NTkyMDEwMjUzNzU=,6
LTE4NjkzMjc5MzA3MTkyMTc2NDM=,6
NDQ2MjQxNzIyNzA2NzU1MTY5Mw==,6
LTIxMDY1ODc3NDcwNjc5NjczMTA=,6
NDAyOTI2ODU1MzA4NDE5MjcyMw==,6
LTExMjI3NDI4MzMyNTQ3MTI3Njc=,6
LTQyMzI4NjE0OTgwNDY0Mzc2NDE=,6
LTc0NzkwNjQ2OTA5MjcxNjA5NDQ=,6
Njc1OTc5NzQ1MjY4MTI5MDc4Mg==,6
LTg3ODkzMjkwMzg2Mzc5MTY3MzU=,6
LTUxMTEzMzI4MDI2Mzg0Njc1ODI=,6
LTkxMTYwMjM1OTY1MzkzNTUzNQ==,6
MTg2NzAzMjYyMjg0NTM4NTQ4Mw==,6
LTkyMDA1NDU1NDg4ODcxNDM4NDI=,6
LTIwNTQ0MzIyNDQzMjUxNzM3NjQ=,6
LTc2MzY2OTM0MTA0NDc2MTYzMTI=,6
NTM5NzMwNzg0MTYxODAxMTg5MA==,6
LTUzNTE4MTQwNjY1Nzg1MTIzNzQ=,6
NDI3NTUxMzczNjA4NTU2ODM3Nw==,6
Nzk5MDcwNDI4OTc3MDIxNDQ5NQ==,6
NDk4NzY4MTAxNzg3MDE2MzQzMg==,6
ODkzOTQ5ODc3MDQ3NjM0MTg5MQ==,6
MjU3OTc0MDg4Mzk1NTM3ODk3Ng==,6
MTg2ODE3MTE4OTQ1OTgzMDcyOQ==,6
MjcwOTcxMjUwMDEzNDQwMTA0OQ==,6
NDkwNzY0ODQyMjc5Nzc2NTI0Mg==,6
LTIxNjIwNTE3NTk4NDE5MDM0NDU=,6
ODkyNzAzMDUzNDIxNTQzNzY0MQ==,6
LTg4NzAzNzk1OTk3NTA1MDg1MjQ=,6
LTMwOTI1ODQ2NjM4MDkwMzk1MjY=,6
LTQ3MzI3NDQyOTgzNTA3NjkzMTc=,6
LTcwMzg3OTI5ODczMjQ0MTE0ODM=,6
LTYzNjE2MzEzNjQ0MDYzOTE3MzY=,6
MTAzODY5NjQ5NTIyMTI2NTUxMQ==,6
OTE0OTMzNjQ5MDQwMDcwNjc1MQ==,6
LTIxMDMzNjIzNjA2MTEzMDU5MjY=,6
NzMwMTg0NDc1MDI4MDUxNjIyNQ==,6
LTc3MzI2NTU1MDAzMTczNTU3Mzg=,6
NjA0MTc4OTk5NzQxMjM0OTkwOQ==,6
LTc3NTIyODI4NzI5NjE2NDU1MDc=,6
Njg2MjE0NzM3NzkwNDU3NTUwOA==,6
NDIzMTg0NDIwOTAyMjM4MDQ3,6
LTQ5NTE5NDY1MzAyOTEwMjUyODM=,6
NjI4MjU1Mzc3MTAyMzI2MTE0MQ==,6
LTI1NjU1ODA4ODYwMTI5MTk2ODQ=,6
LTYxNDIxOTIzOTAyMzc5MjY2Mjc=,6
NzA4MDc2NDE0MTY0NTU0MjU2Ng==,6
ODEyMTcwMDI4NzY3Nzg1NjA1OA==,6
NDU5ODQ2MTU1MzYwMTg5NjY5NQ==,6
LTU4Mzg0OTgxNTMwODU4ODIxOTc=,6
LTQxNjMzNDU1NTE2MzM2MzQ5NjE=,6
LTM5OTA0NDAwMTU3MzE2NzkwNjE=,6
NDg0NTg2ODE0Mjk0MTcxMDE5MQ==,6
LTM4MjkzNTExNzIyNjg5MTcwOTk=,6
LTMxNjU2MTM1Mjk4NDE5NjI0Mzc=,6
LTQ4MjU5NzI0ODk3MTI2ODk1Nzg=,6
NDY3NzIyMDMwODgwODA1MTczNA==,6
LTU4NDAwMDc2NTA0NTM3NzkwOTM=,6
MjYxMzg1MzcxMTAxMjYzODM2,6
MTg2MzQzODg0NTUxNjkzNDE1,6
NjUxNjg4MzE5NjkwOTY5MjE0MA==,6
NTkxNzA4MjE4OTM1ODg4NTYxOA==,6
NzQxMTAxNjEzNjYxNDQ3Njg5MA==,6
LTUxMzQ4NDUzOTI0MzY2NzgzMjU=,6
NTI4Njg2NjM5OTM4Njg1MTg5MQ==,6
NTY4MTc0MzMzNTkyNzczNTk0Ng==,6
NDU3MTczOTg0MjM3NjgwNjI3OQ==,6
NjU1NDc5MDEwNjkzOTMxMjQ0NA==,6
ODkzMDExNTg1MjU4OTg2NDc2OQ==,6
NzkxNzg2ODY3OTg0OTIyNjU0MQ==,6
ODg3NzkwNDI4MzI5NjU5ODMxMg==,6
MzUyNDA0MjU4ODE5MTg0MDM2MQ==,6
LTc4NzUwMjQzMTAyODE5ODMyNg==,6
Nzg0ODMxMTI2MzAxNTQ3ODI0Nw==,6
MjE3NTIyNTY5MTU2MDg2NjA2Mg==,6
ODcwMDc4MjY5Mzg4MDAzMDkzNg==,6
LTc1NjIyOTY4MDY4OTQ0MzM2NTI=,6
MzY0MzA2OTQ3NTUyNDAwMTMzNw==,6
LTEwODc1Mjg2Njg4MzU3ODQ3Mzk=,6
LTM1OTg1OTEyMDAyNDczOTM2OTI=,6
LTc3MTI1MTQ5ODIwNDY5ODU0OQ==,6
LTg4MzE4NzQ3MDMzMTYxOTc1NjY=,6
LTU4MzQwNjc4ODkxNzA0MDcwNzg=,6
NjIxNDkzNTA5MjQxNTM1MjE3Nw==,6
LTExNTg3MDM0NzYwNDkyODI4OA==,6
MTc3NjEzNjg0MjM2NzgyNzkwNg==,6
ODQwNzE1NzgyMDcwNzM1MTc3NA==,6
NzkxMDg5NDEzMjk3NTUxMjk2Mw==,6
NDM5ODExNjc3MDA3ODgwOTQ1,6
LTYzNzAzNzE5MTcyNTM5NjkyODQ=,6
LTE2NDk2MzUwNjU2NjQwODI0MjM=,6
MzcyMzg4Nzc2NDE4MTY5Mzk4Nw==,6
NjA3MDE0NzEyNjEwNzIyMTgyMA==,6
MTgzNDY1MDIwOTQyMDEwMDY3,6
MzE0OTkwMjEwODE2ODIxNjQ5NA==,6
LTUyNTcxNDAwMzkxNzgzNDcxMzY=,6
MjgwNTQ3OTAyNjU0NTU3NzE1Mw==,6
LTg0MTI4MTM1MzAzOTU5NDkzNDg=,6
NTQ4NDE1NjUyNzY5NTg5ODU5Ng==,6
Mjc2NzY2MjkzNDMwNTEyNTI4NQ==,6
LTI3NTk2ODQwODg4MzEzNzEwMTg=,6
NDIwMzc0MjUyMDQ3MjI1NDUzMw==,6
LTcxMTM0NDE0MjE0MTMyNTU1MDU=,6
MTM4ODA2OTQ0MjY2ODcyMjQ3OA==,6
MTk4ODEwNDU1MjAwNzY3NzkwNQ==,6
LTI5NTU0NDcwNzYzOTgyNzk2MA==,6
LTY0NTM5MDI1MjEwMDg5NzQ4Mjc=,6
ODI4ODk2NDAzNjYwMjA1Mzc5OQ==,6
NjE5OTQ4MjIzNDkzMzMwNzg2Nw==,6
NTMxNTI4NDgzNjk0NTA3NDgyMw==,6
LTUwNTY1MzkxMTc5NDE4NTI3NTQ=,6
LTc3OTgyNDc2NjYxNjY0MTQ0MDE=,6
LTY2ODIzNjAwMTE4Nzc1NDIyOTQ=,6
LTY4MjQ2NTcwNTE5MDI5MDk0MDA=,6
LTQ0NzYyODAzMDQ1NTc3MzM2MzQ=,6
NzY2OTgwODQwNjg4NjU4NDA5MQ==,6
LTQ0NzI0NDA1MTAzODA1OTYyNTg=,6
NTI1Njc0NjA0NzM0MzA5NDk3NQ==,6
ODM1MTU1Njc4NjUzNjI4MTg1MQ==,6
ODk1ODc3MjQ2NTUwNzE2MTEyMw==,6
NzU0MzQyNDQ1NjM4MTY0MzY1Nw==,6
LTIwNjgxNDg0MzkwMTQxNTIzNTY=,6
MzU3Mzk2MTkzMDc1NDEyOTkxMg==,6
ODI4NjA5OTUyMDgzNDM3Njk2MQ==,6
LTcwMjQ1Njk2Mjg3MTgyOTA2ODc=,6
NDA1OTI3ODU0MDYzNTgwODc2Mw==,6
LTg0MTIxOTE2MTcwMzgxODM3NjU=,6
LTUyNjI0MTMxODA5MDMxNTIzOTU=,6
LTcxOTU1MjAwNTUyNzQzMjY0MTc=,6
LTc2MDEzMDk4MjUyNzQ3NjQ4Nzk=,6
LTYzMTk4NTU5NjAzMTQ0NjYwMjk=,6
LTg5MzAwNzE0MTAzMTE3MzE1NDU=,6
NTQzMzc5MTA5MjIxODEyMjExMg==,6
LTc1Nzk5Mzk4MDg0Njg2ODc5OTA=,6
NzQ1NDI2NDkzMTQ5NDI0OTUyNQ==,6
LTczMTAyNjI2OTExODU4NDc3NTM=,6
MzAxMzQ2MTcwODQyMzg0NTI4,6
Mzk4NTc5ODc2MDEzNjcwNTAwNw==,6
Mzg4MTI1MTA1NzcxOTQ1MTgwMg==,6
ODAzNDUwMTE3MTg4MjQzMDg3,6
NDY4NDk3MDIxMTk2MDE3OTgwNw==,6
NzYzNjQ2NTg5OTA3NTU5ODc2MQ==,6
LTQ4NDc1Njg2MjU4MTM2MTk5Njk=,6
LTM5MDg5MjM1MDA2MzcwOTEyMjk=,6
MTE5NTY1NjQ1MzQ3OTA2NTc4Mw==,6
NjQ3NDAxODE3MjExNDUyNDg4OA==,6
LTM0NjMzNTkxMDA1MjU0NTg4MDk=,6
MTY4ODU0MDM1NTE1NTQwNzY2Nw==,6
LTI1MDkyODgzMTI3MzMwNTkwNzY=,6
MTU0Njg5OTkyNzczODIyOTg0Mw==,6
MTM4MjY3NTIyNDk3NzE2MDMyNw==,6
LTM1Mzg4NjcxMDY1MzMxNzk5NjE=,6
LTY5ODI0NTg5NjUwNjM0OTI3NDc=,6
LTM4MjQ5NDU4MDI3MDg2NTg2MA==,6
LTg3MTk4Njg0NjE1NTUwNTQwMzQ=,6
MzUzMzQ2MjkxNTEyNzIyNTM1OA==,6
LTg5ODk5NzI0NDMxNDEzMDc4OTA=,6
NzQyNzEyMzM1NTc5NTE1Mzg3OQ==,6
LTM4MzY5MzIzNjA3MzkxMjkyMA==,6
LTg5NjU5NTkwMDAwMzU1NDI4NTU=,6
LTU4NDM5NDg5ODU2ODk2NDIzNjk=,6
NzUyMzYwMjI0NTM4MzU1MTMyNQ==,6
NTUwNDEwMjkxNzYxODA1MDQ4NA==,6
LTY5NzkwNzAxNTAzODk3ODg5NjU=,6
LTg3ODMwOTkzNDkwMjU2MTIxMA==,6
LTc2NzkwMTQ1Mzg4NTA3Nzg4ODQ=,6
LTM5OTc4NTY2MDU0MTM2MTgzMTU=,6
LTI1NjA0NDU1MjU0MTU1MDcx,6
LTMxNzM0MTA1NTQ3MjQ3MDAwMTE=,6
NDY2NzEzMTk0MDg4MjI5MTYyMg==,6
ODAyMTI3MjM3MDM4MjAyMzkwNA==,6
ODMxOTU3NDQyMDc1NzIyMDg4Mw==,6
ODI2MTA0MTAxNzIzNjE5ODYxNQ==,6
ODQ3NzE3NTg5Mzk4MzU5OTg2MA==,6
LTQ3MDI1MTYwMTk4MjA3NTk2Njg=,6
LTc4ODk4NTgyNDMyMzI4MTk3Nzk=,6
MjIwMTY4NDgxNDc2OTkwMzkyOA==,6
LTM5Njg0NjE1NTkwNjE2NzcyMjc=,6
NTg2NzA5NDgxODUwMjYzMTYxOQ==,6
LTI4Mjk5MjI1MTUzNTgzOTgyMTU=,6
OTE3MDk3MjU3MDc1Mjc1MTUyOQ==,6
NzE3Mjc0Njc4ODM0MDg3MTAxNg==,6
LTQ0MzAwMzIwNzkzMDAxMzc3ODE=,6
LTYzNzg5NjcyNzg4NTI4Njc4Mjk=,6
MzQxNTA2MDUyOTk2NTk3Mzc3OQ==,6
MjM5NDkxNTc3ODg2NTQ3MDkzMw==,6
MzIwOTU4MDA3OTQxMDI2MDI0NQ==,6
LTI3MTgxMzQyODc5MzQ3NjEzMTE=,6
MjMzODY3NDg1NDA2NTM2NDEy,6
LTQ1NDYxNzQwODA4MDkwNDU0MzE=,6
LTY2MzI3MDA1ODA5NDkzODI5MTU=,6
LTI3Nzk1MDUxNTY1NDg5NjE4MDY=,6
MjgyMDY0NzgxMjc2OTE5NTg0NQ==,6
LTUxOTA5ODk0ODM2MDQyOTAzMzk=,6
MjQzMjc0NDc3MDY1ODM4MTMwOQ==,6
NDg3NTA2Mzk4NTU5OTQyOTc4MA==,6
LTUzODAyOTE4MzE1MDg5MTMxNzc=,6
LTg1Nzc0MDM0OTQ4NzA1Njg3NzU=,6
LTM0ODE5NjUxNzk2ODYxMDEyNTM=,6
LTE5MDY0ODQ1NTQ3MTk0NTYzMzA=,6
LTMwOTkzMjk1NDUzMzExNTM5MTc=,6
LTI5MTA0MTQ4MjI0MTEyNDAyMzI=,6
NTkwNjU2NDIwNzA0MjI3NjcxNg==,6
OTA0NTY4NzQ0NjU1MDk3NzMwNw==,6
ODAyMDUxMzUzNzYwNjQ0NjQyNw==,6
ODY3NTY4NTU5Nzc3MjY4NTU=,6
LTQxODQyMzQwNzIzODQwMjEwNDM=,6
MzIwNjY1MTY4MDE0OTU3OTM4OQ==,6
MjQxODQxMTExMzU4MjA5ODM2Ng==,6
LTcxMDIxNzU0NTE0OTI2MjU1MDU=,6
OTA2ODIwMzg3ODE2MDQ4MDQ3OQ==,6
Njk2OTQ2MjkzNzU4MDIwNzU1OA==,6
NzEyODM2Njg3NTc0MTA1NDQw,6
LTUxNzg4NDcwMzg5MTQ1ODYzNTc=,6
Mjk2MTk1MTkwMzQxMTE3OTg3MQ==,6
LTMyODA1Nzg3ODIzMjU4NjcwMDA=,6
LTc3MjY5NzM5ODI1MjE2MzczOTc=,6
LTI0NTY1MTg5NzM4ODgzMDc2OQ==,6
LTg5ODU4MTU5NzI1MTU4ODc3ODM=,6
MjIzODI5NzEwMDA4MTY2NDQ4MQ==,6
NTI5NjY4OTM4ODg2NTg5Nzg1,6
NTEzNjY0MjA4NzY1ODcyOTM3MA==,6
MjIyMTE4NzEwODk5NTY1Nzg3OQ==,6
LTEzNTQ2NTMwNDkyNzMzNjcwNTQ=,6
LTkxMTk4Mjg0MzY0OTQzNjU0MDM=,6
LTc3NTAzNzI2MTk4MjUyNDEzNTc=,6
LTE1OTg1MDAwOTgxODU0NTIzMDQ=,6
LTg2MzcyMDMyNDE3MjQ2NDM1NTc=,6
MzM0ODQyODkwMDk3MTA5OTkyNg==,6
OTA4MjQ3OTIyMDM5MjM4NDI0Mw==,6
NDYwNzI0OTY5MDQwOTY4NTM2NA==,6
LTM5MTcyMTg4NTE1ODY5NTE1MzM=,6
LTMzOTc1NDgyOTM1OTYyMjAwNjk=,6
NDI0NDg3MTAxNTA5ODU1MjM0MQ==,6
LTQxMTcwMTY2NDI4Nzg1NjM2MTI=,6
MzQ3NDUzNzA1OTk4NDY3MTk4,6
MTE0MjQ1OTA2MDkxNjU3OTM1Mw==,6
MTY3NDI3OTkyNzU0MTE0NDc1NQ==,6
LTg4MzI2OTA2MzEwODMwNTkzMzE=,6
OTkwNjcyNTYyNzQ4NjkxMzU5,6
LTk0MTI4MjEzMTcwOTA2NjE2MA==,6
LTMxNDUzMDYzODU4MDg4Mjk2MDk=,6
NDcwOTY1MzQwNTA3NzE5OTA0Nw==,6
MzU4NDY4NjgwMjY5Nzc1NDg5MA==,6
NjIxMjg3MDU0ODE5MTc2MDMyMw==,6
LTkyMDc1MDU1MDY4MDU0NDI4OTA=,6
LTU1MjY1OTA5NTc5MDY1NjY3,6
NDM3NDYzODg3ODYyMjU2NzA3OA==,6
LTQ4OTU0ODk4NDM5MTU5NTk4NTQ=,6
OTAzNDIxNDM3MTMwNjcwNjk4Mg==,6
NzUxOTA1NjUyODk1MjgyMzE3OQ==,6
LTI4Nzk3NzA2NDAxOTAzMzY0MzQ=,6
LTMwMzkxMjY1ODkzNTQ2Mzk5NDE=,6
LTc0ODY2NjAxMzA1OTM5ODMwMzI=,6
NDQ5Mzg3NTk2NTgxNjM0ODQ1OQ==,6
LTM2OTY0ODc1NTU2ODA4ODcyMTQ=,6
LTUzNjkyNzU4NTU0NjcxMDc1NDI=,6
NjAzMzQwNjc5OTgyODAwNTE0Ng==,6
LTc5ODUxOTUwNTc5MjMyNzIwNjQ=,6
LTY5MjU3MDE0NjExMTAwMjI1MjY=,6
MjE4NzYyNDg2NzcwNzIxMDY4MQ==,6
NjUxMjY3NDM3NjU0Nzg4NDI0,6
LTIxNTA5MzE0NDA1OTg3OTk1MTY=,6
NjkwODIzMjYxMzQ0MDU0NjE2NQ==,6
MTE5MTI0Njk5MjI5Njk3NTA1NA==,6
NzY1NjE0MDUwNjUxMzM1NDk1MA==,6
NDY0NjkyNDYwOTQyNDU2OTg5Nw==,6
LTgxNDc3OTk1NTk4MjY3MTUyODg=,6
MTc4NjE4NjE4OTY5OTAyNzkxNw==,6
LTY3NTM5OTAwNjg3ODI5NjQ4NzI=,6
MTIxOTI1MzY5MDEyNTI2OTg5MQ==,6
LTY4MTkwODMyMjExNjc1NDY1MQ==,6
LTUyMzM1Mzc1MDQ4MTUwNzQ0MTc=,6
ODc3MTkzNDk0MzI1ODU5MDk5NA==,6
LTc5MzU2Njc0NDY3NjM3MzUxNDg=,6
LTEwNzIwNjAzNjE1OTMzNDUzNzU=,6
LTc4Mjk5MzY3MjcyNDk5OTc0MTI=,6
ODE3NDY0Mzk5ODM5ODg5MzY5Mw==,6
MTQ2MTQwMDk3NTg0Njk0NjE3Ng==,6
LTM5ODE1Nzc4OTI2ODQ2MzQ1MzY=,6
LTM5NDczMjUwODU0NjA0MDk5Mzg=,6
LTM0NDg2OTQwMjcyMjEwODI0MTk=,6
LTU0NjYxODkxMTY5Mjc1MDQyNjQ=,6
LTIwNzQyMjg4MDM1NDg4NzAyMjg=,6
NTk0OTExMDI0NTYzMDcxNzE5Ng==,6
NDg1MTU3NDg0NTc1MTg2MDU2,6
LTE3OTMzNzE4MDk0OTg2MTUyMzc=,6
LTgwNDk1NDgyODQ1OTAzMzI5OTk=,6
LTU3NDU1Mzg3MDI1NTUxOTMyMjg=,6
LTIyODczODUwOTA0NzI3MjY4MTc=,6
ODE4MzE0NzQyNzUzNzc5NjY2OA==,6
LTQ2NTIyMzcyMjk0MDc0NDE5Mzc=,6
NzA2NDA2MjU1NjAzMDUwMTQwNg==,6
ODI1NzMwNzk5MTAwMTU3Mjk1Ng==,6
NjUwNDUzMjYyMjMyODUxNjE2,6
NDAxOTk0ODUyOTc5ODgzMjk0Mg==,6
LTgwMDk5MTM1NTk0NTI3NzUyNTQ=,6
LTE5OTA4NzY5NjAyNTczNzk5Njg=,6
LTMzODE1OTcyMzUzMjUzMzk3,6
LTg1NDU4MDI2MDc4NzY2NzMzMTk=,6
LTUwNzAxNDEwMzc0MTk5MjA4NjE=,6
LTM3MDk5Mjc3MTUwNDM4NTg1NQ==,6
LTEzNzAyNjU1NjYwMjE2NTc3NDY=,6
LTMxOTM1MTc0OTkwODk0ODQzMjI=,6
LTkxMTQwNDUwNzQwMjMyMzQwNTk=,6
LTg2NzEyNDA3OTg4MDIxNDQwNDI=,6
ODI1MTAzNzc4MTgyMDAyODQ3,6
NDc1MTg2NzUwMDI4NzE3OTc2Nw==,6
LTU0NzgyNjI1MzA1NDQzMDQ4Njk=,6
ODc2MTMzMzI2MzQyNTYxMDQzOA==,6
MjQ3NTk5NzIxMzEwNjc3NjY2Mw==,6
LTMwMTY2NTYxMTI4NjM3MTczOTY=,6
Nzg4NDAwMjQyOTQxMjkyNTMwOA==,6
NjY4NDMxNDQwMjQ5NDM3NDUxOQ==,6
LTExMTM5NjQxNjQ2MTM0NjQwNTA=,6
ODgwMTQxMzE1OTg0MjI4Njk1Nw==,6
MTkyNzYyODQzMDkzOTAyMDc3OQ==,6
LTM4Mzg3NjUxNzUxNjQwNDk4OA==,6
LTgwMTc2MTg3NDUzMjk3NTk2MTA=,6
LTI3NjY2NzA0MzA5NDgxMjc0MTc=,6
MzYxNjgyNzUxMzI3OTk4OTYwMA==,6
LTUxNDQ4NzQ1OTg1MjU0NjU2NTI=,6
LTg2MDg2NzE5Nzk4MDQzMDIxMzM=,6
LTg4NDU2Njc5MDc2OTMwMjAyNTI=,6
LTQ0ODQ0OTgyMjk5MTc5ODY1MDQ=,6
NDY0NDQxNjcxOTY0NjMwOTg4OQ==,6
LTU0NjMxMTg3MDUzOTc2NjY1OTE=,6
MTk2MTAzOTQ2ODk5MTMyMTc0Mw==,6
MzY4NDM2MTkzNDIxNDk1ODk5NA==,6
MzIwNTYwODAxMDMxOTI0NDg0Ng==,6
LTcwMDIxMTQwNzQ2MTk0MDcyOTM=,6
LTE1MDAxNjkyNTkxNzMzMjc0NjA=,6
LTYyMzcwMzg3ODc1NTMzMjg4MjU=,6
LTg4NDgzMTUxOTYwMTcwODE5NzI=,6
LTE1ODU0NDE2NjQ5NTMzODU5OTc=,6
MzQ2MTU2ODM1ODI1NjU0MTU1Mw==,6
LTUyMjU0ODQ4MzI4NjgyMDQzNDI=,6
Nzk5MDg3NTY5MDg3NTA1NTE5OA==,6
LTI4MTQ4NDc1MDI2MjYyNDQwNDU=,6
MTA2NjgzMzcyMDEwNTg1NzU3Nw==,6
LTQxNzE3MzY4MzE2ODgyNjIzNjU=,6
NjIwOTUwOTg3ODUwNTYxNzcx,6
MTk1NjM0MTM0MjEwOTQ2NzAwNg==,6
NjU5MTAwODUyMDY1NTQzNjEwMQ==,6
OTI3MjY2MTk4NjQxNTQ5Nzcx,6
LTcyMjExNzU0MTA2NTA2OTExNw==,6
MzgzMDU5MDQ4NDU0NTA2MzAzNg==,6
MjE4MDkyMDAwODg3OTA4MjQ4NA==,6
LTU5MzA2OTMwNTMyMDg1NzE4OTM=,6
NjcyODU5NDc1Njg1MzIxNTEwNA==,6
Mzk5ODczNjY2MzEwODU4MzU1MA==,6
LTYwNTEyNTQyNjAyODY0OTYxNDA=,6
LTMyODczNzEwNTE5MTM3Mjcx,6
MjczMjI4ODUyMjMyNzM4NDU2NQ==,6
LTc0ODU4NDUyODQ3NzM2MTM3Mzc=,6
LTU5OTE0NjcwOTI0NzE2NjAyMDY=,6
MzY2MzEzODIyMTY5MjAxMDU5MQ==,6
ODYyODgxNjc0MDkwMjA3Mzc1MQ==,6
LTI1MTIzNzM4NDQ0NzMyMjU4NTU=,6
LTUwMzcwMDkwOTYwNjE4MDc1NDI=,6
NjA5MzYyNDQ1MDcwODY4NzM2OA==,6
MTg3ODU5NDc4NjkyMjQ4NDY1OQ==,6
LTUwMzE5NjQyNTkxNDUwNzA5,6
OTQzMTc4NTY3ODIyNDQxODI1,6
NDE2MTkxODA0NjQzOTc3OTQ1OA==,6
LTQ5MTQwOTEzMDk2MjA4OTg1MDU=,6
NTE3MTk0ODk0Njc5NDc0OTM0NA==,6
NjIwMjIwNDM3MDU5MjM3MjcxMA==,6
MzQzNjg4ODAzNDU2OTY3OTkwMw==,6
ODA4OTY5OTUxOTI3OTUyNDQzMw==,6
NDIzNjgxNTgwMTg3MzM1MzgzNg==,6
NTkyNzg1MzkwNzM4NjQwMDM2OQ==,6
LTI5NTY2MDgyNjM1NzczNDYzOTA=,6
MTkxNjkwNzQ0ODc3NDE3NzU5OA==,6
LTQ5MDQ5MzMxNjAxODk2MTg4Nzc=,6
OTE5OTY4NTI0MTcwMzQ1NzgwOQ==,6
MjYwNDg5MTU2NzgyNjYyNDI3Nw==,6
LTU5OTA2NDMxNTIyMzA3ODgzNg==,6
MzY1MTEyODY1NTEyNTI1MTg2Mg==,6
Njc0NzY1MDM3OTEwODY2MTM5Mw==,6
LTcwMzMzMTI0MTkyODI3ODM2MjA=,6
LTU0ODkzMzI2OTgxNTkyOTE3MjE=,6
LTU2NDkwNDE2NTQ2MzI1MDA0NDA=,6
NDA2Njg5NDMzODUxMTYwNzkwOA==,6
LTE3NjY0NTEwNzMwNDA2NzQ2NDA=,6
MzA1NDAzNzYxMTg5NzY1Njg1MA==,6
LTYzODc4MTc2MzA2ODk0MjkxODk=,6
LTcxNjYwNTQ1ODQ1NjY3OTEyMTc=,6
LTUzNDY0MTM5Nzg3NjAwNjU5MzY=,6
MTAzMzM0MTYzMDU0OTQ3MTQxNQ==,6
NTc4MjQzMzQ3MDg2NDEyODQyMA==,6
LTE2NTY5NTcxMDM4MzA0OTEyNw==,6
LTI5NjY2OTk4MDgxODg0Mzk5MTI=,6
LTIzMzQ3NjQxMDcyMjM2ODcwMTM=,6
NjU3MTg3MjgzODU4NDc5OTgwOQ==,6
LTE4OTU0MTAxMzk3NTg4OTAxMzg=,6
NzAzNjAzMTgwMDI1MzEyNzM4Mw==,6
NjM0MDg1ODU0ODIxMTMyMDY5Ng==,6
LTg0MjM4NzkxOTcxNTYyNjMwNDA=,6
LTM3NjQzODI4MjMwMjU0MTgxNTc=,6
LTIzMzE5NDk5OTUwNjc4ODMwNjU=,6
LTY3NjU1MDMwNzkwODc4OTgxMDY=,6
LTIyNjcyNzI4NDc3ODIyNDY2MzI=,6
NTUzMjMwMjQ1NTc1Mjc0Mzg0MQ==,6
ODQxMjMzNjg3ODgzNTg5NjU2OA==,6
NDc2Mzk4NTc4Mzg0NjgzMTg2MA==,6
NTk0NjU0NTMwOTkwNzc4MzYyMw==,6
LTU5MDQxMzIzNTQ4NDkxODU4Nzg=,6
LTU2MzUxODM3NjI5MDE2NjQ2Mg==,6
LTY1OTUwNDY3MDM2MDg0MDEzNDA=,6
LTU1MzI1MTg4NTYyMTcxNDk0NQ==,6
LTM3NzQ1MDA0NjkzOTkzOTM3NDQ=,6
ODUzNDc4Nzc0MTQwNTg3MTk3NQ==,6
LTcwODQwODgwNjEyNjUwMDU3NzY=,6
LTMzMTAzOTA4ODMxNjU4MzYwMzE=,6
LTQ2NzE2NTk1NDk5OTYyMzQ1Ng==,6
ODM1MzEyODY2OTc1NzI2MTE0Mg==,6
LTMxMDEzNjQ2NDI1Mjk5NzgxMDc=,6
LTgxNTIyNjMzMzcxOTM1MjEzNjI=,6
NDkzMzA1NzE1Mzg5MDM1OTI4,6
LTUxMjM5NjY3NjE0OTU5ODk2,6
LTUzMzA2NDgzMzQ2MTIwOTE3MzA=,6
LTQ0NzI1MzcxOTczNzkzNjIxNjk=,6
NjkxODE0ODU2MzA4NTI4NjgwMg==,7
LTc5ODg1NzYwNDc0NDczODM4Nzg=,7
MzIzMjcxODIxMzYxODQ0MTIzMw==,7
LTY2Nzc3MTA5NDY3MDgwMzAxMTc=,7
NTY5ODU1MTM4Mzk1MTQ1MTAxNA==,7
LTgyNzQ0Nzk0NzgxODg3NjI4MjQ=,7
NDA4MjQzODA4NTQzNDUyMzUz,7
LTcyNzQxMTk3Njg1MjA3NTYyMjA=,7
NzkxNTE3MDg5NTg5NzAyNzk2Mg==,7
Nzk2MTY5MTIyODk0ODQ4MjYxMw==,7
MzE2MTUwMTg3MzE4MTQ1MjMwMA==,7
LTgzNzQ2MDA5NjI0MDk5Nzg0MzI=,7
LTU0OTM1MjI1MTgyMTQ4NTY5MzA=,7
LTUzMDk2OTY5NjYyMzUxNDIyNzQ=,7
MzYxMzI5OTk0Njc2MTUzMjE2Nw==,7
LTI2MjYzMTY5NDg3ODk5NjQ4MA==,7
NDY5MDUzODI5Mzc0Mjk1NTIxOQ==,7
ODI3OTUyOTA1NzM4MzgxODU2Ng==,7
NjkyOTcyNTgwMjQ4OTE3MTgx,7
NTU4MDg0MzI5MDgxMDA2MTA0Ng==,7
LTc2NzM5NjkyNDU2NTAzNTUxNzk=,7
NjcwMTI4MDYyOTc2MzU3ODUzNw==,7
MTY4OTM2NjQ1ODA3NzUzNjQzMw==,7
LTY0NTAyMTU5ODY2Mjc5Njg4MTk=,7
NTY4NTc3NDg0ODQwMjc0OTkwMA==,7
LTU0NDc1OTQyMjA5ODMwMDUxMTI=,7
LTgyMjQ1OTI4MTM3MjkyOTgwNzU=,7
MTA5MjE5NDg3ODQxNTY1Mzg2Nw==,7
LTk3NDg5MDM2Mzc1MzQyNTU0OQ==,7
NDQzODA2NTAwNDg5MTQ2MDI4Mw==,7
ODUxNzExNjAwMDk3MDUxMDQ3MQ==,7
LTEzODQyNDIyMzk0NzY3MDQ1NDM=,7
LTcxOTIzNzkzMzUzODU0ODc2Mzc=,7
LTgwNTY0NjQ3NTgyMzYyMTUzMTA=,7
ODA2NzU5MDgzMTY3NTY5MjM2MQ==,7
MTQyNjI2MzQ2NTUxOTUxNDUyOQ==,7
NDc1Njk2MjgyMTI0MjkxMjQzMg==,7
LTE2MTg3OTUzMzExMjg1MTgzOTU=,7
LTMyNDIyNzY4MzExMDc1MDI0Mzg=,7
LTQ3ODYwODE2NDQ0NjcyNjY4Mzg=,7
MjMyNDAyMjYyNzU2MDEyOTIyMA==,7
LTY1NjM5NjkwNDMzMjUyODc5ODA=,7
LTc4NDIwNDAyNjc5NzY3MTY4MTM=,7
Mzg5NzI0NzgzNzY2ODY4NTQ1Mw==,7
LTUwODEwMDA4OTM0NDk5NTMzMjM=,7
LTMzOTg5ODI2NjU5MTI5Mjc0MDE=,7
LTI0NTQ1ODg5MDYyMTk0NDk3Mg==,7
Njc1MjQ4NTk2MjU1MTAyMjgxNw==,7
LTI4MTk5ODk3OTg0OTAyOTUyMzg=,7
MjcxNjI1MTAwNzE5ODg1OTk2Mg==,7
LTY0MTQwMzIzNDc2MTQ5MjI5NzY=,7
NzkyMjgyNDg0NDUxOTY3NDUzNg==,7
LTMxNzQ1Njc3NjY2MzE1MTMwMjQ=,7
ODcxNTk5NTExMjYyNzg0NTU0OA==,7
LTEwMzUwNzM1NDU3ODEwODQzNQ==,7
MzMyNDcyNjQ3NzUwMTA5NzI5Mg==,7
LTYzMzY0MzgwNDg4MDg4NjQwMTE=,7
LTYwMzAzODM4MzE0ODE3NTc2MzQ=,7
LTI4OTcwNDQ4MjEzMTczMjU0Njk=,7
LTMyOTg1Nzc1NDczNzEzNDk5MTE=,7
Njk2NTE1NTg2NDY1MTgwMDUwMw==,7
NDA3MTA4OTMyMjk5OTUxNTIwOQ==,7
MjA0OTQwNjA0NjQzNDc5NTA0Mw==,7
LTE3Njc4OTIwODkyNTQ5Mjk2NTg=,7
MTAxMzI5NzgzMTA4MjU0MjgxNQ==,7
NTAyNjQ0Mjg4MjQ5MzI1ODUzOA==,7
NjQwMTIwODk5NDMwMjYwMTkyMw==,7
NzYwMTU5ODAyNzg2NDgxMTYxNQ==,7
MzI3NDc5MzA1MzA0OTA0Mzg2Mg==,7
NzM1MjkzMDcyNDQ0MjAwNDc1NQ==,7
Nzg2MTE4Nzg4MDMwMDkxODAyNQ==,7
MTM5NDYwNjg0Mzg5MzEzODI3Ng==,7
ODAzODA4NTUzNTU1MTI5NTM1OA==,7
LTg4OTMzODIxMDQyMjE2ODQ1NTE=,7
Njc0NTcyNTY0NDE3MzQ3MjgxMg==,7
LTYzMDI1NzQxOTM5MzE4ODE3MTE=,7
LTQzMjQ4NTQzNTA4MTI4NzYxNA==,7
LTY0MTI5Njc5NjEyOTM4MDM4OTM=,7
NDc4NjUwODg5MTEwMDk5NTc2Mg==,7
MTc5NzM1MDQ5MDg2NDY1MjIxNA==,7
LTc5NzA2OTEyMzE5MzA3Njc2MDg=,7
ODYwNDc2NDAyMTY1ODMzNjgzMg==,7
MjUwNjg3MjE1OTAxNzQxMzUyNA==,7
MTE2NTE5ODA1MjMzMjcxNjU2Ng==,7
MjUxNDQ1ODAzNzk3NzEwNzMwOQ==,7
NjEwOTE1MDAzNjY3OTE0MjExNA==,7
NDk3NTMxNzQ5MDE1Njg3NjMzNg==,7
MjcwMjkxMzczODUyNDc3Njk4NA==,7
NzQzMDU4MDk5MjY3MDE1NTIwNg==,7
LTQ0NjA0Nzk0NDQxMDgzNDM0Mjg=,7
LTIxNDg2OTA5MjAzODI1NDg1NTY=,7
LTc5MDExODA0MTcyOTU3NzM4NDA=,7
NTM5ODMxMjE0NjU4MzgxOTk2OQ==,7
NzgxMjQ5OTM3Mjc0MzY1ODgwNQ==,7
LTc5MDcwMzI0MzYzODYwMDQyMQ==,7
LTgyOTk1OTI0NjY4NzYwNjgyMjM=,7
MzMzODc0MDkyNzM3NTQ5ODI3Ng==,7
LTMxODQzOTI2MDc1NzAzODc2Mjg=,7
ODEzNTQxNjg5NzkxNTg1MTk3MA==,7
NjQ2MjgyMzk2OTYyMzAxOTE0NA==,7
LTUyNDM5NTcwODk3ODg1MTEyODQ=,7
LTEwNTk5NDE2NjAyNjYwNDgyNjU=,7
Njc0Njg1MzQwOTE4MDcyMTE4OQ==,7
LTIzMzQwMjk4OTA2ODUzODU0MjE=,7
LTI4NTc4ODI2NDY1NzExMjYwMjQ=,7
MjcwOTczMTc4NDY3NzQ2Mjk3Mg==,7
LTUyMjgxNTA3NjQ5NzA4Nzg2MDE=,7
LTI0MDAwNjc4MzYxNzg3ODQxMzQ=,7
LTIwMjg2MzY2MDIyNzkwODU1MDM=,7
LTQwMDkwNjA0MTIyMjg1NjU2OTQ=,7
LTkxMjIzODM2ODMxNzAwMjM0MzA=,7
NzI2OTg1NDI5MjgxNjk1MDg3OQ==,7
LTUxNDM1Mjg0MTgyODU3NTAzMjk=,7
LTY5NDA0Nzg3NzcxODQ0NDkxOTU=,7
LTM5NTM3NTYyNTAyODI3Njk1NjA=,7
LTY2NjIyNjA3MzAzMTg2MjgyMTE=,7
NTc0NzE3MjExMjE5NjIxNzI0OQ==,7
NDQxNTUxMjczNDkyNDExNjc3Nw==,7
LTE4NjMzMzczNDg3MDg3NTQyMzE=,7
ODA0OTc5MDI5MjA3Nzk2NDYwOQ==,7
LTQ2NzU4NDkwNTQwNTI0MDg3OTY=,7
MjU0MDY5ODA4NDM5NjQ0ODMyMg==,7
LTkwMTcyMDMyNTQzNjk3NTk4MTg=,7
MzM5MjE1MzIyNTYxMjM3MDc5MA==,7
LTYzNTkwOTkwODEzOTIwMzU4Mg==,7
LTM2NTQ3NjU4MjA0NjgzNDIxMDc=,7
LTMxNTUzMjcyODY4MzQxOTUyNzM=,7
MzIxMTE4NTcyMjUyMzgzNjAxMw==,7
LTMxMzkyNTY4MDQwNTc2MTgyNjY=,7
MjkyNTUzODIwNTQ4Nzc3Nzk4Nw==,7
LTI5NDE5OTg5MzU5MTE1NjgwNA==,7
NTM2NTAzMDM2MDk3NjcxMTY4,7
Mjc5NzcwNTIwNzYzNDAwNjc1OQ==,7
NjIwNTYxNDc2MDg3ODE0NjM4OA==,7
LTQ4NDY4MjIwNDI5MTYwMzA1OTk=,7
LTczMDUxOTE3NjY0NzQzMzc3MDM=,7
LTczNjAxOTkxMDg5NTUyMTg0MDQ=,7
OTEyODc0Nzk2MzA5MjY5NjA1Ng==,7
LTUxNzI0NTQ4NzY5NDYzMTQzMTU=,7
OTE5NzY3OTcxNDUyMTk0Njk3Ng==,7
LTQxMzkzNDM0NzY0MzA0NDYwMTY=,7
NzI2Nzg1MjA3NjA4NTc1NjI0OQ==,7
LTUzNTQ1NDY5NzkxMjY5MzA4NzY=,7
MzE5ODMxNTM5MjYzNzY0NjI5Mg==,7
MjI5MDcyMTQxMDg3NTEyMTI0NA==,7
LTc5MzEwMzU1NDc3ODU1NDk5NzE=,7
LTE4NTU0Nzc1MzQwMzg1ODU2MzM=,7
LTM0MTIyMzk4MTQ2ODUwNDc5NQ==,7
MTI4Mjg3OTAzNzQwMTE3NDgxNw==,7
OTQyNzE2MTIwMDAwNjUxOTQx,7
NDU5MDg4Mjk5NTU3ODY1MDc2,7
LTc3MjIyNDczNzA1MjM0MjQ4NzU=,7
MjY1Mzg2NzExMjg4MDcyMTU4Mg==,7
MTcwNjEyMDc5NDUwODA5MTAyMQ==,7
LTc2MzMyMDkzNzcwNTQwNTA3MjI=,7
MTIyMDI4MzE1NzkyMTk5MTkzNQ==,7
NTQxNzEwOTEwMjI1NzI0MTMzNg==,7
LTk0ODkzNTk3ODgyNTU1MjIwNw==,7
LTc3Mzg3ODcwODU0ODY4MjY4NTc=,7
ODc5MjU4MDM5MTc1MzAxMjQ1Mw==,7
LTM1MjI0MjkzODQwMTQ4MzUwMzU=,7
LTYyNTQ1ODk4ODUyNjMxODUzOTk=,7
LTQ1Mzc3NDY4NjEzNTk2MzI3MTU=,7
LTQxNjgzMTAxNjc1NDMyOTQwNjA=,7
LTE1MTI1NzY3MDIxOTY1MDIwMDg=,7
LTI0ODgwNTIxNTkwMTQwMzIzMDQ=,7
NzEzNDc0MDA5OTUxNjQzNzk1NA==,7
LTI4MDAwMDM0NjU3Nzk0MjAyODY=,7
NjI3NDM3MTE5NzI1NDE3NTUyMQ==,7
MzY4MjkzNTEyNzQyOTA5MTY3Nw==,7
OTc4Mjg0ODY1NDk0NDQwNTY=,7
LTI2MjQ4ODU3MzQwOTkxMDc5MDQ=,7
LTgzNTAyMjc2MTUzMzUzMzI2MzM=,7
LTUyNzcyOTI3NzIzNDcyODM3MDA=,7
NzQwNDkxNjk3MzU3MDExOTYxNA==,7
LTkwMjI0NTI1NTI4MDY1OTMxODk=,7
MzA5MzE3MjY3NzA4OTQyMDk0Mg==,7
Njk5MTk0MDAzMDYxODg0MTY4Mw==,7
NTkzNTc2NzI2MjIwNjg3ODk2Nw==,7
LTY3NzIwODAxMDQ3NzY1MzE0MjE=,7
OTE5MzMxNjA1ODM3MTUyOA==,7
ODU1Nzk3NzQ0MDkwNjAyNDEx,7
LTY0NzU3NDA1NjI3MjM3MTAwMzE=,7
MzExMDI1MDg0MjgzNDI0MjUzMw==,7
ODQxOTA3MjgxNDE2Mjc4MDkyNA==,7
Mjg1MDAzNzU2MTkzNDY2NDMyMA==,7
LTk2NTY0NzI1NzM0MDE3NTk0NQ==,7
LTUzMDg3MTA3MzA0NzE0MDE4NDk=,7
LTQzOTI3MTMyMzU0ODAxNjM2ODg=,7
NDA2NTk3ODEwMjA5NTc1NTg4,7
Mjk4NjYzOTMyODI1NzAyMDUyOA==,7
NzY0MjQ3NTM0MDcwMjE3Nzk3OA==,7
NzUxNTI0NDEyMjAyNTEwNDQwNA==,7
LTI3OTY1NDkwOTYyMDU3NjUzMDk=,7
LTExNTU3OTU1OTIxODcyMjgxMjA=,7
NTA0NzYxMzExMDExNTc1ODAxNg==,7
MjA0NDUxMzAzNzQyODUyODI0MQ==,7
ODEyMTExOTU5MjcwMjA3OTQ2MA==,7
LTQ0NzYxNDM4NDIxMjg0ODI0NA==,7
MTA5MzA2MjUwMjQ0ODkxNDM4NQ==,7
LTQyMDE5MDc1ODQ5MjcwNDgxODk=,7
LTQ4ODE3NzQ3MTYyOTM0Nzc3MDI=,7
NjU2NjAzNDAwODQ3MDYzNjM2Ng==,7
MjY1MDM0Nzg3MzM2NDg3NjczNA==,7
LTc1NDI1ODI1MDI3MzIxMDc4MTc=,7
NjM4MzE5NzYzOTA5MTg2NTg2NA==,7
LTExMDIyNDk4MzE1NTU2NzU0ODI=,7
MTAxNjk0NjU3NzE5NTg1MzE0OQ==,7
LTE5NjYzNDUzMjUzNDgyNTcxNDg=,7
NTY3NTQ3OTgyMDc5NDM0MjA3Ng==,7
NzQyMDQzMDEyMTE3ODk2MTgzNQ==,7
LTEyMzI2MTI2NDU2NTQ0NTg1Mjc=,7
NzE2Mzg4Mzc1NTQ3ODU1Mjc4MA==,7
Nzk5NDk2MDE5NDA2ODcyODMxMw==,7
ODE3MzI0Mjk1MjM3MzYxNTQ1Mw==,7
MzI3MDk1ODA2NDQxMTUxMzQ2Mw==,7
NTEwMjUwMTczMzE2OTEyMjIyNQ==,7
LTE4MTI5OTA1OTQ5NTcwMTQ1MTM=,7
ODgzMDU3MTg5NzAxMTMzMjAzNg==,7
ODAxODM3ODY1OTY1ODcyNjYyMg==,7
MjQ4MzI4NDY4ODI2MTE5MDgyOA==,7
NDMxOTcwMzg5MDE5ODU0MjcxMg==,7
LTM0MDQ3MzUwNTQ5OTg5NTE1NTM=,7
NDE0NjkzMjE0MjEwNTU4OTI4MA==,7
LTExMjQwNzU0MTUyNjA1MDMwMzA=,7
LTM2MTA3ODM3MDYzMzEzMTk2MTQ=,7
LTYwOTc0NDQyNTAzMDQ5NDMzNTE=,7
LTM3MTE1MDc3ODU0NTkxNzUyMDM=,7
NjcwNDk2MjMyOTk5MzY4MzUwMA==,7
NTQwNDAzMzI1NTg2NTE0OTg5NA==,7
NDAxMDkwMTg5OTk3NzM0NTIwOQ==,7
LTc4MDQ3Mzg1MDQ5ODk0NjYxMjc=,7
ODI2Nzg5Nzc2NzE4ODYyMTE4OA==,7
ODQwNTgxMjAxMjA0MTI5MDU5OQ==,7
LTEzMzM1Njc4NDc5MzI0OTgwNzU=,7
LTgzMDgyMTg2Mjg3NDQ3OTc0NzA=,7
LTM5MTQ5NzAxOTU3MzM3NDY5NQ==,7
LTQzNjg3MzQxNjE5NjEwNzg5MjM=,7
MTgyOTg5ODExMjc0NzAwODg3NA==,7
NDIzMTA0NjA3MzMwMTc1MDgwMA==,7
LTgyNzYzNTA1MDc2ODUyMTU1Mg==,7
MTAzMTkwNzk1NjkwOTg1MzQ5MQ==,7
NTc2MTg4NDg4NjQwNjE4OTI4Ng==,7
LTI4MjIyNjg0OTU1MTcwOTAyMzA=,7
NjA0NDg1NDk5MzEyMjA3NjcwOQ==,7
LTYzMDk5NzU3MjkzNjA1MjcwMDY=,7
NTM0NjI3NzIxMzM5Nzk5NTU3Mg==,7
LTg4NzgzNDk1NTc2NDc0NzgyNTc=,7
LTM3NTk4Mjc0MTY2NTkwMzg5MjI=,7
NTAyODkxMzMwNDY0MDgxNzUyMA==,7
LTc2NjE3OTMwNTIzNjU2Nzg4Nzg=,7
LTUzNzEwNDA1MDYzNjUwNzQ3MjI=,7
MzAwODM3OTE3ODUwMjM3NjY4MQ==,7
LTIzNzMxMTgwMDg5ODEyNzc3NjQ=,7
LTgyNzg1ODgwNDEwNjM2NDY4MjY=,7
LTI5MzYyMTQ3ODQzMTA2NzM3NDM=,7
NDAxNTI3MTY0NzQ4NjU5NTExMQ==,7
MTk4NzAwMTg0NzA5MTAzMzM0MQ==,7
NzQ4MDUxMjg1ODY0NzA3NDc2Nw==,7
NDM4NjE2MjIzNzYzMzU4NTEwNA==,7
LTYzMzA3ODg0Nzc1MzEwMzIyMQ==,7
NDg2NDI0NjY2OTAzMTc2MTM4Nw==,7
LTM2NzM3NTQyOTM0NzExMDExMTI=,7
NDkwNzQ1NDE3OTQ4MDE3MTk4NA==,7
ODczNzg1NTI0NTI1OTEwOTU4OA==,7
LTY5Njc0OTc0OTM3NDA1MzU3OTE=,7
NTIyMzQ5NDcwMjcxNDA3NjUwMQ==,7
LTcxNzE4OTg5OTc0MzIxMDgwMDU=,7
LTM3NTcxMjI1MTg3MTE3MjMz,7
MTc4MzQ3MzQ3MTAwOTMwNjQxMw==,7
LTg1MzQxODQ3Nzc2MTk0NTgzNDQ=,7
NTQ1Nzc2ODA1MDAwMDY3NTI1MQ==,7
ODAyMTUwNjIyNzcwMzM0NzI2Mw==,7
Njg5NDQwODg5MzQyNDAwODI=,7
LTgxNDMyODA1MzIyNTUxOTY1MDA=,7
LTE5NTAyMDM1MzIzMzk0MzA0ODA=,7
LTI0MDU2OTY2MzQ3NjA4Mjg0MQ==,7
LTMyMjQzNDU1ODYyOTkxNjE4MDE=,7
LTU3MjczOTE3MjU2Mzk1OTQ0NDM=,7
LTEwNDEyMDIzMzYwMDY2OTUxMDQ=,7
NTE3MTI0NjQxNTE3NTQyNTQxMg==,7
LTc1NjE5MTI2MDMxNjU2NzQ0ODI=,7
LTM0MDI2NzM5NTA5MDk5OTY0NTQ=,7
LTU4NTQ0OTEzODYzOTAwODE3MjY=,7
NTQ2OTAyNjU5MDA5NTMyOTQxMA==,7
MzY3Mjk3NDE3MjY2MzIxMjcxOQ==,7
LTI3OTA5NDc5NDgxNTg2MDcyMzk=,7
NzU5ODMzOTcwMzg5NTkwMzM3Mw==,7
LTg2MzYwOTc5OTQ0NzAwMzgxMDk=,7
NDY0MTU0Nzk1NTc2NTAxNjI4OA==,7
LTEwNTA1OTM2OTA3MTA2NTYxMjE=,7
LTcxNDQ4MTkzNzcwNjQ5MTQyNA==,7
NjUyNjIzNzU1NjMzNTA0MzM4Mg==,7
LTYzNzYzMTk5Njg3MTUzMTQ1ODU=,7
LTY2NTI0NjY3OTI0MjQ4NTU1NDM=,7
MjQ3MDAwNDk2NDE1NTM3NTY4NQ==,7
LTU4NTE1MzU0MDEyOTk0OTg3OTk=,7
LTU4ODIxNjQ2MDI2Nzc1NDA3MTk=,7
NTkzMDMyNjQzMDczNjUwNDgyNg==,7
LTY2NzEzMDc1MTA2NDA0NDAwNw==,7
NTY0MjgwODk0ODI5MTkyODIxNw==,7
Nzg0MzE0MzM4NDY3NTgxNDEwMw==,7
NjQ1NjExNTk5MTY0OTA3MDM1MA==,7
NzYyODEwNjE2NjY2MDg2MzIzNQ==,7
LTU0NzE0MDE5NzgzMTk2ODQ2NTQ=,7
NzA5MTczMTYzNDE4MDk5ODE0Mg==,7
NzExNTA0MTE5MzE2ODExNDMyMw==,7
LTY3MjEzMTY2NjU3NDk0NjM0MzA=,7
NzY0ODQ3NjA1NjI4Njc3NzkxNw==,7
LTc1NjE4Nzc4NDAyODE2NTA4MzI=,7
MTMyMjM4MTgzNDk5MTA4Mzg0Nw==,7
MjUwODExMzAyMTAxMDI3Njk2OQ==,7
LTY4MDMwODU3ODg5MTg1Njc4MTE=,7
LTQwNTcyNzczNTg3ODAxMjIyODk=,7
LTM0NTk2OTM0NTU0NjU4MjcwMDM=,7
LTM4MDU4ODIwNDAyMTQ1NDQ0ODg=,7
NDcyMjgzNDQ2NTMwNjA1NzE0Nw==,7
NTA5NzcxOTc5MTM0NTkwOTQ4NA==,7
NzkwMTQ3NzQ3MTU0MjYyMTU5OA==,7
LTU4NzM5NDEyMzM4MzUzMzQ5MA==,7
LTQyOTM2OTU3NTQ4NjIzMTk5MzQ=,7
MjIyNDcyOTk2MzA3OTUyOTY1MA==,7
MzQxNjQzNzU4NDEwMzUxNTI2,7
LTg4MTE4NzI5NzA0MDk5MzY3MDI=,7
Mjk3NjU3Mjg0MDYzOTI0NTIwOA==,7
NzE1MjYxOTg3NTY4MjUxMTM5NQ==,7
NzIzMTM3Nzc0MTE3NDc4MjI5,7
ODAyOTk2NTgzNjAyOTU0NjY2Nw==,7
NjgzNzQzNTA1NjUzMTU4NjUzOA==,7
LTg2MDI1MjE0MjU0NDc0MzM3NjA=,7
LTg0OTQ5NjA2MTE0ODEyMTE1ODA=,7
MzYxODc4NDQ1Mzc5NDg1MTY2Nw==,7
LTMwMDYzNTI3ODkzODg5MTM1Nzc=,7
NTA3NDE0NTgxODEzNzI1OTM5NA==,7
ODY4OTMwODQ5NTM3NDY4OTUyMQ==,7
MjE5MzIzMTU1ODI5NjcxODg3Mw==,7
LTY0NzA5MDk5MDY0ODM3MzAwNTc=,7
LTgzOTgwMTQxNDMxNDAyNzEyOTA=,7
NDIyOTA1MjkwODIyMDEyMzMzMA==,7
LTUwNTE4Nzc2NTc4NDEwODcwODE=,7
MzM5MjEzMDIxNDUwMjQ3ODA0Nw==,7
NzExNDQ2NDc4NTk3MzUyMzEyNw==,7
MjkyMjA1MjM2Nzc1NzQ3NjM2Mg==,7
LTc5Mjg2MjIxNTcxMzIzMDg1Mzk=,7
NTc5ODQ0NjYzMzA4MzQ3Mzc2Nw==,7
LTI3NDEyNjUyNTA1MjAzMjEwNjU=,7
NjA1NzE1ODIxNDU5NjU1NDczOQ==,7
MzkwMjM4OTIxMTczODkyNjU4,7
NzczOTIyNjcxMDYxNjA5MjM2MQ==,7
LTIyNzA4MjU5OTUxMzY0ODEyNTM=,7
MjczODAwNzM2NTc3OTAxMDAwNQ==,7
MzI5Mjg0NDE1ODY2NjQ3MzE2NQ==,7
LTIzOTU3OTEwMDgwMzM5NDE4NTc=,7
LTI1NTM1MDU0MzUxNjI0MDczNDE=,7
LTY5Nzc0MTA5MTMyNjIxMjIzOTY=,7
LTgzNTQ2NjY0OTA2ODMzMzEyMTI=,7
LTE1NDY5ODk2MjI5ODM5MDQ1ODM=,7
ODUwOTQxNzg4NzAwNjMxNDY2Nw==,7
LTQ0MTEzODY2OTE2MjI5MzU3Njg=,7
MTg5MTU4NTUwOTI1MDg2MDUwMA==,7
MjEzMTkzNDE5MzM2MDYxMDUxMg==,7
LTYyMjE1MjUwNzU0NTUzNjcxNDc=,7
NTIzNzEyMjM0NjMxNzcwMDkwNA==,7
ODE1MDQ0NTQ4NTU3ODE0MTI2Ng==,7
NDM5ODEzMjEwNzkzOTA1MzA4,7
LTc3MTM4NzEwNzQ3MDY3MDc5NDA=,7
LTgyMzIwMzg2MjA2MjI3OTY5NDE=,7
LTY0NjIyNzA4Njk0MDkxMzAwMzg=,7
LTQwMTAxNTIxOTkzOTQ5Mjg2Mg==,7
LTMxNjQwNTkzMjE1NjA2OTcxMDA=,7
ODAzNzA1NjI2Nzc5NTMwNDg1,7
MTA1MDc0NDQ2NzI0NDg1NzgyMA==,7
LTM3MTc4MDgyNjQ0NTU0OTcxNTA=,7
LTU4NDIzMjAyMzM4Mjk3MDYxOTk=,7
LTUwMDk5MjcwNzM3NjYwOTMwNDE=,7
MjQ2MzY1NzAzNjQ3NjkwNTI2Mg==,7
LTE3MzkyMTI2MTYxMzI1OTE2MDg=,7
NDE4NzAwNjg4ODEzMTg2NzI3Mg==,7
MzMxMDk0ODk1MTE5ODY2ODE2Ng==,7
LTU0NzIzMjAyMzc0Njk4OTEzNjE=,7
ODU4Mjg5MjcwODUzOTIyMzgzNg==,7
LTU4MTc3NjYxMjY1Njg0OTA2MzU=,7
LTg0MTg3ODM3NDc0MTkzOTY2NDg=,7
MjQ1NTE3MTYwODQ0ODgyNDY1NA==,7
Mzc0NTgyNzU3NzgxOTgxMTU0OA==,7
MzE4Mzg2MTUxNTk4ODA2OTA3MQ==,7
Njg2ODg3NDQwNDYxODQ0MzE1Ng==,7
NjgzNDM2OTgwMzgyNjQyMjQ1OQ==,7
NTQ2NDIyNjQ3NzIzMzcyMDAxNA==,7
LTE2NDQxMTYyNjIyMDM0MjUzMTA=,7
NTk3NzMyMjg5OTQxMjIzMzY2MA==,7
NzU2NDUxOTk3MzIwNzEwMjMzMw==,7
LTY1NDAzMTQ4NzIzMTMwMzY1NDg=,7
ODIxMDQwNzYxNjUwNDgyMDU0NQ==,7
LTYxNjEzMTgyOTMzMzYyMzgyOTU=,7
ODEzNjE1Mjg4NjYxNDYyMzgzOQ==,7
LTEyMzM3NTgzOTAyMzYzNzcwMTA=,7
NzM2NDY1ODEwMTE0MDE2NTE4Mg==,7
LTExMzEzMTYyMTQ4NDQzNzUwNDM=,7
LTQ0NjQ5MTkwMDE2MDQzNTIzODI=,7
NTAyMjY4ODA2MzA1MzcyNTE1,7
LTYyNjQxOTQyNjY2NTI1ODUwNzM=,7
LTI2NDI0NTc5MDE3MDQxNDY0Mjg=,7
LTg4MTIwNjY0OTUyMzYxODE0Ng==,7
LTU1MTUzMDc1OTk0NzQ4NTkwMDE=,7
NzE2NDI0NTQ4NTQ4MTAzNjc4OQ==,7
LTM3OTE2NDMxNDA3NTU0NDkyMDQ=,7
LTcyNzUyMDEzNDE4MzM3NTkxMDI=,7
MTIzNzcxMjQ0NDg0ODgxOTcyOA==,7
NTk4MDUzOTQyODYzODIzNzI2MQ==,7
MTI0NzA4MTE0NjI2MzYzNTg2Nw==,7
LTE2OTUyODYyNDkxNDE3MDU5MzI=,7
LTgzNjQ4NTY1NjA3OTM1NDY3MjM=,7
LTQ4NTA1ODA5MjUzMDI3ODc3ODA=,7
Mzc2NjA1ODIyODQ1ODU5OTY0MA==,7
OTE3NDM4MjIxNDYwNjQ3OTA0OQ==,7
LTQ3MTQwNDc3OTc3NDY2Mjc4Mjc=,7
LTk1ODcyODE2NDY4MjYzMTg5NQ==,7
LTkwOTQxNzU1NzQwOTgyNjQ5NzQ=,7
NTc3MTkyNjM1OTUwNzAyNjkxOQ==,7
NjE5NDcyNzI3MTAwMDM4MjMy,7
LTkxNjQ0MjAyNTI3NjI1MzgwODc=,7
OTk1NDY0NTUzOTg2OTkxNjc4,7
NzYwNjEyMDMxODMyNzc5MTg5OA==,7
LTgzNTI1NDk4MjExMjU0MjQ2MjU=,7
LTY3OTMxMTY4NTczNDc3MjQ4MDk=,7
LTMzNDUxMjE1MDIwNDI3NTYyNw==,7
NTM4NTgxMTAwMTUwMzgxMjE2OQ==,7
LTY3MzkwNjk2NDU2Mjc5ODQxNA==,7
MzM4NjY2MDgyNzU3Nzg4NjAxMA==,7
NjM0MjAwMzgwMzU4OTg0NzAxNg==,7
MjEyODk4NDcwMDE0NDYzNzg0Mw==,7
LTYxNDM3MzY4Mzg4OTEwNzEzNDE=,7
LTE4NzQ3MjkxMDIwODk1MzMyMjI=,7
NTg3MjU4NzM5MDAzOTUwMDExMw==,7
MTY1MzQ0NDc4Njc3NzgwNTY5Mg==,7
NjQ4NDU3MDgwODA5MTc0NjM3NA==,7
LTMzMzEwODMwNDYyMjg5NjA2OTA=,7
NzIyNzg3NDkxNDI1MDU1MjAwNA==,7
LTM5Nzg2ODk4MjU4MTU2NzM3NTA=,7
MTc4MzkyMDQwNTY4Njk4NTk0OQ==,7
LTI0MjU2MjM5ODk4ODA2NjMwNTk=,7
LTY0OTQzNTExNTM3NjM2MjYxMTQ=,7
LTQwMTE3NzM2NTU1OTUyMjUwMzU=,7
MzE4MDY2MjQ4Mzk0MTcxNTIyMg==,7
LTU0MTQ1Njc0NjU0MDU0OTgxMDE=,7
NjExMDgzMzk3OTQ1MDgxODY1Ng==,7
LTgyODQ4MzM4NTI3MDE0OTE1MQ==,7
LTc0MzMxNjA3OTY2MDk3NTg1ODI=,7
NDM4NTkwNTUzNzMyNzgyMzA3OQ==,7
MzM5Mjc3MDg3Njg1NTM4MjQzNA==,7
LTc1ODI0NDAyNDczNjM1NzIwNjI=,7
MTU2NTEzOTY2Nzk2NzQ3Nzg3OA==,7
LTUzNzQwMDE0MjM2MDI2MTI5MjI=,7
NjA0NTg4ODg5NTcxNjMzNw==,7
LTIyNzQ3NDk1MDc1NzMwNzk4MTQ=,7
NzA5NTQxNjQ0ODIzODU5NjMxOQ==,7
LTY1OTQyMTg0ODg3NTM0MzM3ODA=,7
LTgxNzkyNjYwNTUwOTg2OTcyMjk=,7
LTc5NTY1NjMzODk2Mjk3Nzk3Nw==,7
LTUxNzA3MDI1NjE3MjUyNDU3NTE=,7
NjUwOTE1OTk2MjQ3NTgzODIyMA==,7
LTg5ODIxODc5NDgxODQ1NzQ4OTU=,7
LTQ2OTE3NjY2MzM3ODI4NDc2OTQ=,7
NjM1MzA4OTc1NjcwNjYzMTcxMA==,7
MzE3Mjg4NTMwNTkzMzM3MzE0OQ==,7
LTQxNDMwMzgzNjM4NTMxNzU0NTc=,7
LTc3ODM0NDE3ODIwMzQ2MTQ4Mzk=,7
ODAwMDE4ODc4NjAwMjQ5NTU0Ng==,7
NTkzMjMxMDEyMDQ5NDM5NTIwMQ==,7
LTMzMTA3MjU4ODAxMjcxMjc4NDE=,7
LTgyNzQwOTg0Mzg1NjMwMTA4OTU=,7
LTEzODA0NTczNDc0Mzg2Mzg3NzU=,7
MTgxMjgxNjkzODQ2NDY5ODMxMQ==,7
MjI2NzIxNzc4NTcwMTgyNjMzNw==,7
MjQwMzcxNDE1ODMzMDEyNDY1NA==,7
NTY2MDc1ODkzMzI1OTExODQyNw==,7
MjI4NjEwMjM5NDQ0NjMxNjY5Mg==,7
LTY3NjA1MjI0NTk4NTM3NTc2NTk=,7
LTU3OTU1NzU4MTk0NDc1OTc2ODI=,7
NzcyNTE0NDEwNjQ3NTYzMTU2Ng==,7
LTY2MDIxMjIyMDExNzA4MTI1Mjc=,7
LTMyNzg2OTEwODI1MzI5NTc5NDA=,7
NjY5NjcxNTQxMDUwMjE2MTExOQ==,7
Mzk1Nzc1MTQ3MzI3MDg4ODQ0Mw==,7
LTUxNDE1MTE2Nzc5NDg2NzY4NDI=,7
LTc2NjAzMjI0MzkxNDc5NjAzMzg=,7
MjA5MzYwNTA2OTcwNDEyMTkwNA==,7
LTQzNDIzNTEyNDY1MjM1MTU4MjI=,7
ODMwNjA1ODc3MDEyOTEzOTAxMg==,7
LTM0OTI0NjgxMDAzMDQwMDk2MTA=,7
NjQyODQ2NTg2NTIzMDIxNzY1OQ==,7
LTIzMjI3Nzc0ODk0NDk4MzEyNTE=,7
ODUzNTU1MDQzNjg1OTM1OTg4Ng==,7
LTQ5ODA1NTY4MTI5NTc4MzA3NTI=,7
MjQ1NzI2NDUzMDc1OTgwMjI1Ng==,7
LTg2NjcxMTUwMzUwNzY5MTk0NDk=,7
NjM1NzI2NDczNjI0MTgyNzE1MA==,7
NjQ0NDk2Nzg5NDk0MzcyNzQzNw==,7
OTAyNTA4MzU4MTU0NDIxMzMxNA==,7
MTc3NTY1MDgyMjI3Nzg0Nzg4Nw==,8
ODY4MjE0NzA0NzA3MTM3MDE2NQ==,8
LTIwMjk1NzUyMzk1MzM4MDA4MTI=,8
LTUzNzk2NzA5MzU5NDY0OTU5NDI=,8
OTIxMzA4Njc5MTMzNjQ2NTI5MQ==,8
MTg2Mjg4NDU3NTc0NzE1MTg4MA==,8
LTg0NTU3NDQ0NTQ0MDM5MDk5MTE=,8
LTY3NjMwOTE5MTMyMDU0NzcwNzI=,8
NjU1Njk0MzQxODg3MTA5ODQ2Nw==,8
MzQ2Mzg2MjY5MDg1OTMxNDQ0Nw==,8
LTQ1NTg0NTk1MDU0OTM4OTI5Mzg=,8
NTMyNzc4MDIzNzUxNjYyNDQ3OA==,8
LTExMDEwOTg2MDU4ODg0MzM5NTY=,8
LTcwMDg4MTQxNTI1MzAxNTg2NTE=,8
LTg2OTk0NjU5MDA0NDk1MzM4Mzc=,8
NTA0NjkwNTkwNDM2MDUxMjczNA==,8
LTIzODc1ODk2MTY3MDE3Mzk2Njg=,8
NDkwODU0MjkwMDUzMDY3ODM1Mw==,8
NTA4NTAyODQ1ODg1MDg0MTE3Mg==,8
NzA2NTk2NTU0ODE0ODExNjc1Mg==,8
LTMwMDEyNTYwNTEyMDg4NTUzNA==,8
ODg2ODI5ODQ5MDE4ODM2MDAxNg==,8
ODgyNTc5MDM2MzQ0MzExNjcwMA==,8
NTc0NTk1MjMyNjQwOTM5MDU0Nw==,8
MjEyODQ3NDM4MDgzMzY3MzM0MA==,8
MTA4MDE1OTYxNjUyMDIxMjU5NQ==,8
MTIxODcwMTg4MzA5NjEzOTU2OA==,8
LTkwMTAxNDM0MDk1ODE1MzcyNTE=,8
Mzc5ODQwMzI0MjA1NDQ5ODM0NA==,8
OTU5NjQ3NzY2NjM4MTIxNDcz,8
LTE2MzYzMjc4OTgwNzMyNTYyOTA=,8
MTUyNjM2NDMyNTM1NzE2MjA0OQ==,8
LTgxNDUwNjE4MTg4MjIzNDU3Mzc=,8
LTI1ODI0MTUyMTEzNjU3OTY4MDQ=,8
NzA3OTE3MTIyODE5OTk4NzI4NQ==,8
NzkwMjAyNjAzMDk2MDU4NjA1Ng==,8
LTkwOTM2Njk5OTgxNzM2OTM3NjI=,8
LTU4NDU3ODU1Mzg5NTkyMDg5NDY=,8
LTI1MzA0NDI1OTU2MDQ2ODcyNzE=,8
LTQ2MDk1NTkzMzMzOTI3MjI2ODI=,8
LTEyNjgzMTcyMDMzMDQwNDgzNzY=,8
LTM5ODQxOTE0ODM3MzUwMTk5MTA=,8
LTQ5MzQxMTEzMzExNDAyMjMzNTU=,8
LTgwNTQ0NzMxMzM1NjMxNzYzMDg=,8
NTQxOTIzODc0OTU0MDkxOTQzMw==,8
NjYxNTE4Mzc3NDY1ODA0ODM2MA==,8
LTgzNTcyNzU1MzAzOTU1NDQwMTA=,8
LTY4OTgwNDQ4NTYwNDYxNDY3ODc=,8
NzUxNTY3OTQzNjUzMjc1NTg3OQ==,8
OTcxMDM4MzU3MTA1MDYxMjkw,8
LTQ3OTEyMDA4MDkxMzQ1MTM5MDM=,8
LTQ0OTMzNjc2MDUyNDg0MjA3NjA=,8
LTg1Mjc1MTUyNzM0ODI2MjI2MjY=,8
Nzc0MjU2MzIwOTIwMTU3NjIwNg==,8
ODU0MDcwMDExODUzOTU1NDk3MA==,8
NjM3NjYwNjg4NDA0MTYwNDIyMw==,8
LTMxMDUzOTA1MjM4ODM3NDU4MTM=,8
LTY0Njg5NDg1MDQyMTA0Mjc2Nzg=,8
LTcwMzEyMjg5MDI3NDg2MDU1NzY=,8
Nzc0MDE1NzQ5NTQ0NzY2OTM5MQ==,8
NDkyNzI4NTQ5Mjg2MDE5MDIxMg==,8
MzE5ODAwMjkxMzc0NjUyMDA0OQ==,8
NzYxMzk0ODc1MDI3MzkxODQ2,8
LTc1NzAyOTIyMTQxODQxNjM2NzY=,8
MzMyODA4OTY4MzExNTU1OTEwOA==,8
NDA4NTQzNjQzMjk4ODQ1MjgyMg==,8
LTIxNDM4NjUyMjYyNDk4OTE1MTE=,8
OTA5Nzg5NzcwMjQyNTg1NjQ4Mg==,8
LTg0OTAxMTU1MDMyMDIyNzA4NjU=,8
LTg4ODk2NzkwMDIzNjQ2Njg4Mg==,8
MzkwMjA5MjM1ODk1MDU5NzA1Mw==,8
Nzc2NjIwMjQzMzEyMzY1MTQ0Ng==,8
LTg0NjM3ODgzMzk0MjA0MTg5MTM=,8
MTQ4MTE3MjM2NjAzMTc1NTUzNg==,8
MTQzNDk4NzY3Nzc0MTcyNTQ=,8
NDU5MzQxNTAzODE1MDM2NTc0MA==,8
LTg0NTA5OTQ4MzY5NzgwMDc5NjA=,8
NzE0NDUwMDMyMTcxODk2MDEyNA==,8
MjA5NTk4Nzk3NDYzODAyMTQ3OA==,8
LTEyMDkwODk5MDI3MDY2ODQ4NQ==,8
LTY4MzE5ODI5MTg4NTQ2OTY3NTQ=,8
LTIwNDM3MjEwNjEwNzkxMDQ0NjU=,8
NDQwMzEzMDc5MzU4MDM1NDc0Nw==,8
OTUzMzA1ODMzNzUxMDk4OTE2,8
NjMzNDY5NjI5MjE1MTIwMDIxMw==,8
NzQyNDI2MzU5MDg2MDc4OTM3MA==,8
LTU2MTEwNTgwNzAzNDMyODk2MzY=,8
NDcyMDU0MTY0OTMzNTQyNDY2OA==,8
MTU2ODk3NjYyOTgwNDQ0NjQ3Mg==,8
NTY3MTg4OTExODY1MjM1NjUyNA==,8
LTM2MTc3NTE1ODgyMjM5MjYxODA=,8
MzY2MjI3MjUzOTIwMjk4NzY2MA==,8
NTUyMDAyMzA2NzAzOTg4MjYyNA==,8
Njk4MTA0OTY2MDA0Nzk4MTYyNA==,8
NTUyNjk0MTY4MjUzNjk2ODM5NQ==,8
NzIyMzYyNzgyNTkwMjI5Mjg4Mg==,8
LTczNDEwMTk3MDg2MTcyNTQzMjU=,8
MTA3Mjc0MDM4MDI0OTUxMzI3Mw==,8
MjA2NjQwOTI1MzY4NzUxMDQy,8
LTUyMTU3NjAyODUxNzM1OTk1NDc=,8
NjM4MDA4MDUwMDU4NTk1OTgwNA==,8
Nzc5MzQyMjEzNzI2MjAzNDQzMg==,8
ODExMTc4NTg2MDg4NTU0NTUwNQ==,8
LTM1NDA5MzMzNjU5OTg0NTI3MzI=,8
OTEzNjc3MTAwNTc4NjA1NDM1Ng==,8
NTQwMzgyNjE4MTQyNzQ0NTEyMg==,8
ODgyNjk4NTIyMzIzNDg0NzQwNA==,8
MzIwNjYyMDE3NTk5NjczNTcw,8
ODkwNDIzMjMyNTM5MTg3MjE1NA==,8
LTI2MTU1NjY3NTg0MTk1NjQ2NzY=,8
ODMyMzY2NTQyOTU3MDk3MDU4NQ==,8
LTI3NDY3NzQ1OTI2NTgwNzkwNDg=,8
LTU3MzE2NDcxMzY2NzI4Mzk1NTY=,8
NjczODE0MDc3ODgxNzE0OTY2Nw==,8
LTEwOTQ5MDkyNjg2MzU2Mjg2Ng==,8
LTU0MjgwNjkxMTk4MzY5ODc1OTY=,8
LTE5ODUwNDI0MjYwMDU0NDM0MzM=,8
NTYyMTQ2NzA1OTczNjgzODgyOQ==,8
LTIwODI0MDc3NTI1OTM1NTMwMDQ=,8
MTYwNDg2MzIxMTA2Njg3NTY3Mw==,8
LTY5MDQ1ODY4NDM3MzEzNTAwMjM=,8
LTU0Njc3MjQ4MDMwNTI5Njk0NTE=,8
LTEzNDYwMzA3MzE4MzUzMTE2Njk=,8
LTQ1NTE2MzU4OTE0Mzc1NjUzMzA=,8
LTUzMzQzMDE0ODUwODk5MDE2ODE=,8
LTUzOTc4OTE3NTQ2NTA0NzM0ODk=,8
NzMxOTExNTI3NTk1OTMzODg1,8
Nzg3OTM2NDk1NTQxODc3MTgy,8
LTIwOTY1NzcyNzg0Mjg3MTQ4ODU=,8
LTY0OTIzNzAwNzc2NDc5NzkzMDE=,8
NTI0MTAxNzM3ODU3Njg4MjkyMg==,8
LTg1MDI2MjczMTQyNTE3Njc3OTY=,8
NDgxMDc0ODUxMjI1MDUyMjA1Mw==,8
MzcwNDQwMzkwMTY0MTE3MDk3MQ==,8
LTE0NDE1NTA4NTk4MjI0NTg4NDA=,8
ODI3NDA4NTExODE2NjQwODUwNQ==,8
MTQ0NTg5MzYwMTI1MzUwMzA2Mw==,8
LTE2Mzk2NTU0ODI4MzU0Mzc2MTI=,8
LTI2OTIyMzAyMTA0MzI5NjEw,8
Njc4NDA2ODgzOTczOTU4MjU2MA==,8
LTIwNTExMTc4NDY1OTMyNDY5Mg==,8
Mzc3MDAxNjUwNTg0NTcwNDI0Ng==,8
NjY1NjI3NDc5OTMzNjM3NTk2Nw==,8
LTY4NDQwNTM0Mzg4ODUyOTk3NzU=,8
LTE4MTkyMzAzMDI4OTk3Njc1NjA=,8
LTgwODIxMzUxNDUwOTQ4MTc3MTA=,8
NTA4OTQxMTMzNTM4MDg2NTMwNA==,8
LTg0MzEzMzA4MDQ1NDA2Njc3NzI=,8
LTI1ODIxODIxOTUxNTM2ODE1Mjk=,8
LTUxNzIyODk3NDg0NjU1MjYzMzA=,8
NDIzMDU1NTk4NzU1ODY1MTc1Mw==,8
LTE4NTAwNDEzODM1MTQ5MDUy,8
Njg3OTAyNDM3NDgxMTAwMjQxMg==,8
MTc1NjgyNjEyMzg2MzI2ODk1Mg==,8
Mjk4MDY5OTAzMTU3NDc4Njk5Nw==,8
LTUyNjU5MzM2ODM1NTM5OTc3NTA=,8
LTIzNTU0MjgzNDcxMTU0MTU5Mjg=,8
LTEyODE1OTIzMTYzMzAzNjU1NzQ=,8
Nzk4NTY2NTUzNDUwNjc1NDI5NQ==,8
LTE2NjUwMzA1NTMwMzUzNTM1MzE=,8
MjM4ODc5Mzk4NTUzNzg5MDI4,8
LTMyNzM5OTI1MTgyMTQwMTc3Mjc=,8
MjQ1MDQxODU2MTAwODA3NTIzOA==,8
NjcwOTg2NjQ5MTExMjg2Njg4NQ==,8
MTUwNzMxNjE0OTEwNjczNDkwMw==,8
LTU2MDA4NzgyNzc3OTcwNzkxNjg=,8
LTc1MTI0MzExODU2NzE4NzU5NTk=,8
NDgzMDA3MTg1MTMxNjkxODc5OQ==,8
Mjg0NzA1MzYxMjcyNDYxMjE4NA==,8
LTgyODkyMDg1NzEyMzc4NTMxNjc=,8
NTg1NTIwNTczMDkyMTczNDE5Mg==,8
LTQ0MjczMzg4MTcwNTIzODczMzk=,8
MTg3Mzc5MjMwODMzMDc2NjQ3OQ==,8
LTM4NzgyNjkwODkwNTU4NjAxNDI=,8
NTc2MjMzNzIzMjQ4OTk1NzExMw==,8
ODM0NTcwMzc5NzkyNzQ5NDEwOQ==,8
LTU2NjU2ODgzMjAzNTk2Njk3MDE=,8
LTkwOTA1MjI0MjEwNzQzMDQwMzg=,8
LTg5ODQwNjgwNzcwNjA2MzA0Mzk=,8
MTE1Nzg1MzI0NzA2NTc0Njg3,8
LTY2ODI1MDA5MzI2NjQwNDA2MTY=,8
NzY1MTYwMjgxNTExNDkyNjc0OQ==,8
LTc2NTkyNzU2MTM3MTAwNjgwNjA=,8
LTczNzM0NDg5ODUxODAyNjA2Mjg=,8
NDYxNjk2NTQxMTc3OTkzMzUzMA==,8
NDI1OTI2MDA0NTQxNTk0NTg4Ng==,8
NDM4Njk1Mjc5MTE2NjIxNzg5Nw==,8
NzkzNTk2NDY4ODMxNjM5NTQyMQ==,8
MzE2ODA2NTUxNTI3NzUzNzEyNQ==,8
LTI4OTc4MTM4ODE5NDQxNzI3MDY=,8
NDI3MTUzMjQ3Njk2MjM2MjIxMg==,8
MTk4NTYzMjg1NjU4NTQzNjU2Ng==,8
LTU1MjgyMTIwNzM3NDEyMzUwMjA=,8
LTU3Mjg3NzA0MTExOTU0NjAzODA=,8
LTE3NzYzMDc5MjQ0NzE3NjczMTU=,8
NzYwMzM2NzUzMTA0NTUzNTIzMg==,8
MTUwNzczNDIzOTMwMTYyOTg4,8
Njk2NDMzNDQ5OTkzMjAwNDY4OQ==,8
MjQ0MTgwNTEyMDgwMTU1OTEwOQ==,8
NzExNjk1MjY0MDMwMjE4NDI2Nw==,8
Mjk0NjEzMjg5NDk4OTEzNjM3Nw==,8
LTcwNDQ2NDcyNzY4NzQwNzQ4NjM=,8
Njk2ODE5NDk3OTE0OTg3MTA4MQ==,8
LTQzMjM3MjY2MDI2MjQyNjE2NQ==,8
LTY0MTA4MTgwNDkwMjQyNzUxMw==,8
LTQwODQ2MDU2ODYyNjg2Mjg5MDQ=,8
LTYzNzY0MDM5MjY2MTcyMDE2MTI=,8
NTgyODg1MDM0NzY5MTg2MzUyNQ==,8
LTc3NDQ1MDE2OTY3NTU5MjU5NzU=,8
LTM1MzkyMjQyMTM3MzI3NzEwMDg=,8
Nzg2MjA4ODEwNjcxNjc2MzUxNw==,8
LTY5MTkxNDYxODQyMjIzMzE3MjU=,8
NDYyNTg2MzI1OTgwNzAwMDUyNQ==,8
ODIzOTM3OTQ3MzgwOTgzNTEyNw==,8
LTgwODY0MjEwMTg5NTU4OTAyMzY=,8
LTQwODI1ODI1Mjg0NDE5MzkxMzA=,8
NjYwNTg2NTExODYwNDM0NDc4Nw==,8
LTI3OTYzMTUxMjc5MDAxNjM0Nzg=,8
LTI2NjEwODE4OTQwMTEwMDMzNTU=,8
LTUzMDcyNjU1OTQ5NTA5Mzc2NTU=,8
ODU5ODA5NzIxNTI0OTk3MjgxMA==,8
NzM3MjYxMjQyODU1ODE0NDgzOA==,8
NDI1OTA1MTIzMzU2MDkxNjkxMg==,8
LTY2MDY0NjEwMjI5MzM5MDM5MDA=,8
MTkzMzI0NTkxOTc1ODI3MDA4OQ==,8
LTMzMzA2MTkwMTU2NDM5NTA4NDc=,8
NjM4OTY0MjE5NTM1OTgyNTYyOA==,8
LTY2NzcxNTM0ODM5MTY0MjMzODg=,8
MzUxOTA5NTU5NTc4NjMwNjIwMw==,8
LTMzNDIxNzk0OTAwNDE4MjI1MDE=,8
LTMyMzA3MzE0NTg3Mjg4ODIxODM=,8
ODM4Njg4MzI3NDQ0NTU5OTQyMw==,8
LTUyOTY0OTQxMzE5NzQ3ODE4ODU=,8
LTQ2Mjg5OTg2Mjk0MjY5OTcyOTU=,8
NjQ2NTQ2MTY1MTEzNDQ0ODkxMw==,8
LTEwNjU2Mzc1NDEyMDI1NDYxMg==,8
LTIwMTQ0MzU4NzMxODYzNjgzMDg=,8
Nzk5NjMyMjQxNjQzODg0ODM3OA==,8
MjYzMjc2NTkyODA3MTc5OTUxNA==,8
MjM2ODIzOTE3NTk1NzU4Njg0Ng==,8
LTY3OTIyMTUwOTI4NzI4MTQ0NDM=,8
LTE3MDY5MTcyODI2Mzc1NTk4Mjc=,8
LTM2MDQ3NzY1MTc2NjAyODQyOTE=,8
LTIyMDM4OTQzMzc1MDI3ODI3MjI=,8
MTM2OTk4NDAzNDM2NjIwNjMyOQ==,8
MzQ4MjQxNDYxNzExMDg0MjAyNQ==,8
MjY0NDkxMzk1NDI0NjkwMTA3Mg==,8
NjUxMjI0NTQ1MTc3NTYyMTY2,8
OTcxMzU5NTQ2MDU0ODA3NTU1,8
MzUyNDIyODczMzAyOTcyNTI2Mg==,8
OTAxNDA3NjQwOTU4NDM3MDQ3NA==,8
LTgzOTg3NDQ3OTg1Mjc5NDk2OTA=,8
ODYyMTkyODc0MTExMDY5NDA5NA==,8
LTc0OTc0NDEyOTMyMDQyNTI4NDc=,8
LTE5ODM5Mzc1MDI0ODU3ODY4MDM=,8
NjU2NDM1NjY1Mjc2MzcxMDgxOQ==,8
OTIxMTI0NTcyMDA1ODY5MTMwNA==,8
MzA3MzY3MTI3NTY4MzgzOTc4Ng==,8
LTIyMTU0NzkwOTc2MjYzNDQxODE=,8
LTU5MjUzNzg4OTg4NzEyMzg2Mw==,8
LTI5ODcyOTYzMDY3MzM5NzQ4NDQ=,8
MTcyNDU5NjUyMDE2MTQ0MzQ1NQ==,8
LTg4MjcyNzgzMzgwOTI2OTI3NjM=,8
NzkwMjI2Mzg4Mzk4OTYxNjAxMw==,8
NDc3ODA5MjQ3ODY3OTYzNDA4NQ==,8
ODE0MTQyODg2MDUzNzk4NDA4OQ==,8
NTgzNzI3MTAwNDQ3NDQ1NjgwNQ==,8
NjUzOTU1NDE5ODI2ODYzNTc4,8
NzY2NjcyODgzMTcxODk1MDkyNw==,8
LTc3NjkwMjY4MDI0MjQ5Mjc1NDE=,8
LTQ4MDQzNjQ2MjIzODYzNzIxNw==,8
MjAxMjUyMDU5MzQ3NjUzOTk4OQ==,8
NzI3ODk0ODI1NzQzOTMxMzk5Ng==,8
LTEzNDI4MDc1NDc1MjkxNzc0NjM=,8
LTEzMzA1NzEwNzU3Njg3MDYwNTk=,8
MjQ1MjQzNjcyMzk4NTE4MTI1Mw==,8
LTI0Nzc0MDUzNDExMzM4MjYwNjE=,8
LTg3NDY3MDg1NjI5OTY1MDQ3MzI=,8
MTU4NTI4MTkwMDMyMTEwMTkwMw==,8
Nzc5OTE3NTQ3NTUxMTM4MzUwOA==,8
LTMxODQ4NTg0MzU5ODA3MjMzOTI=,8
NDM1OTM1MjkyNDM0NzY2NzgyOQ==,8
MjIyNjQ3NzEyMzIzNzE0MTE3Mw==,8
OTEyMzE1MTk4NzIwNzgwOTAyNw==,8
LTQ4Nzc3Nzc4NzA3MjU0NjczNjM=,8
LTUxOTkyOTcwNjM4NjgyMTY0Mzg=,8
LTkxNTc5ODI4MDU0OTg2MzI0MzM=,8
MTg1NDQzMzk0NDIzNDA5NzE5Ng==,8
ODMxOTE4NjU3OTU4MzEyMDIzNA==,8
LTcyOTI0MDExMTIwMDQ0MTIwOA==,8
OTAwOTYwODIyODc5NjM5ODMzNQ==,8
NjUwMDEyMjQ1OTk1OTY5NDI4NQ==,8
LTY0OTM3NDYzOTE2MzIyMjA3NjM=,8
OTA3MDgyNjc0OTk1NDk5NDA1Mw==,8
LTg3MTA3ODUzNDk0NDQyMjUxNDY=,8
LTc5MTUwNDQ2MTY5NDUxMzc0MjE=,8
NDk1NDYwNzQyMjczMDU1NzE1Ng==,8
NDk5MDkyNjY4ODk5NjU4NDYxNQ==,8
LTc2NTUxNDA4OTc2MzU5MzYxNzk=,8
MTEwNDc4MDE4MTgyODMwNDUzNQ==,8
NzM2MzAwNjg3NDg0MzcwODAzMw==,8
LTM4NTExMDk3MTc2MjE4NDU3Mzg=,8
MzEyMjQwNDE4NzM3MTY3MTI4OQ==,8
NzI1OTg3NzU1MzAxMDc1MzExMg==,8
NDAzMDc5NzUzMDU0NTI2MTc1MQ==,8
NDYxMTY1OTgzMDkwNTIwNTgy,8
LTMwMDE0MjYxMTkwNzkzNzAxMDA=,8
LTc5MzQ2MTE3OTIwODI4MDQ3OTk=,8
NDUxMTAwNTM0MDA5MzY1NDQx,8
LTg2NzY0OTQ0MTI2MTUxMTQyMTI=,8
Mzg5NjczMDA4MTU1NDMwNDI3Mw==,8
LTUxODE0MjA0OTczMjU2ODU4Njc=,8
LTc5MDgyNDMwMzkyOTk2MzExMDA=,8
NDU5MzU1MDg4MDEwMDkyNzg1Ng==,8
NjQ3MjQzNTQ2OTk5MTE3NzIyNw==,8
NzI4MjEyMjg5MTgxODI5ODgzMA==,8
LTQxMzc1MzA5OTk1NjIwOTQ3MjM=,8
OTY0NzczMzkyNzE2NDYyMDk0,8
OTMwMjkyNTU3NTIzNjkyOTY5,8
LTc3OTI5ODU0NjY3NTExNjQ2NTQ=,8
MjA2NTgyNDY1MjA1NjYyMjEzNQ==,8
LTg3ODkyMzgxOTAzMzc2NDY1MTA=,8
MjUyNjYzMTA1MjQwMjc3MDM2OA==,8
NjA3NTYxMTk0MDk5MzM4MTMwMQ==,8
Njk4NzQ3MjIxMTA0NjUwODc5MA==,8
NTc4NTMzMjk0Nzc2NjA0MTU3NA==,8
ODY0ODE0MzEyNDE4ODE3NzgyNw==,8
LTg1MTUyNzU3OTU3Nzg5MzM4NzY=,8
LTYzOTY5NDg5MTQ2NTQ4MzMzNTc=,8
LTUzMTkwODMzNzI5NDU0Njg5Mw==,8
LTUxNDMyMTI4NDI5MDIwNzcz,8
NTQxNjI2Mjg3ODM3OTc5ODMyNg==,8
ODM0OTQ0Mjk1MzM0MDM0MDgyMQ==,8
NTc0ODkwODEyMzMxNTgyMzY2OA==,8
NjMyNTMzNDM3ODU3Mjg2ODI3NA==,8
LTMxOTQ4OTkxNDA3MjI5MDE0MDk=,8
MzU3ODIxODMxNTEwNjcxNjEyMA==,8
LTI4MDM1OTQ5NDM2MTgwNjMyNzg=,8
LTEwNzcxODk5MjE1ODEwNTcwMjk=,8
NTUwMzc2ODg0ODE2ODEwMzU3OQ==,8
LTI2NjA4MTkxOTgyODc0NzExMTM=,8
Mzk1ODIyODc0NTY0OTQxOTY0,8
LTk4MTE5MDczODMyMzA0MzgwMw==,8
LTQ2OTYzNzY3ODAwNjAwMjM2MzE=,8
MzM4ODIzODgyNzczMTIyNjgxOA==,8
Mjg5NDQ5Njg1MzAxMDY2MDA1Nw==,8
LTU4NTQyODM2NDQ0NzczMjQ0MTA=,8
LTMyMzY1NTI4MTQyNzAzNTMxMjY=,8
ODA2MDQzNzkyMzk4NzM0MDM5NA==,8
LTM2MjYwNjk3NDA2MjY2Mjg2NA==,8
MzMxOTYyMjMxMzk1Nzk5MzgyNA==,8
MTA3OTgzNzY1MzM2OTA4MTY0,8
LTYzNjA1Mjg5NDg0NDU5NjAxOA==,8
LTkwNjU2NjAzMzkyNTUzODM5MjQ=,8
NzA1MDQ2OTYzMjM1ODk3ODgwNA==,8
LTI0MjI5ODkzNDk1NDA1OTI5MDg=,8
LTIxOTYyMzA5NDY3MTI2OTgxODQ=,8
LTgyODA4MTYyODM0NDQ5MDAyMTA=,8
NDMyMTU5NDQ0OTE5MTQ3OTQyMg==,8
NTE5NDc5NTUwODA3OTM1NzY2Ng==,8
LTEwNjI2Mzc2OTU5OTA1NDY5NjQ=,8
LTQ5MjkzMjk5NDM4NTk3NTc0MTI=,8
NjIzMTE4NjIwMjU5NTM3OTA4Nw==,8
LTI0ODQ1NDk5OTExNTU4NjMzNTE=,8
MzczNDEyMjE2OTU3MjkyMzIzNw==,8
Nzk4ODExNzg5NDQ0NDM0NTI5Mg==,8
MjEzNTY2ODUxODU4NDI3NzA1NQ==,8
LTM2OTQ4MDg5NzY5NjM2Njk2NjE=,8
MTMyMjYzMTQ3MzM5OTkwMTQ0MA==,8
LTMxNTc4MTYxNDM5MjQ3OTY0Mzg=,8
LTMzNTI1NDUyMTUzNTcwMTA4MDk=,8
LTkxNzk5Njk0MDA0MzYzOTQ2NzQ=,8
MjY5Njk4MzQ4NDQ0Njk1OTkyNA==,8
LTg0MTcwNjg0NDQzMzU2NTg2MzU=,8
LTUwNjg4MzI4NzM5NjM5MDI1MjU=,8
LTE0NTkwMzU4NTk1MDk1MjMwMDc=,8
NzM1MDg4MjEyNTI0OTg4ODQyNw==,8
NjI2MTU4MTA1NzczNzg3OTQ1Mg==,8
LTc3NzA3NDM3MTUzNjMyNzM0NDM=,8
NDEyNjQzOTEyNDA3NDQyODIyNg==,8
MzE4NjE4MDQ1NjExNjk2NzcyMw==,8
NzM4MzE4NTcwMTM2ODcyMjMwMw==,8
NjI2OTc4MTg0MDIwOTQ4Mjg0MQ==,8
LTI0OTIyMTczMDcwNzA4NzYyNjE=,8
NDY5NTE4MjY1NzEyMDEyOTQyNA==,8
NjU2ODcwODg2NjA5NzAyNjc3Mg==,8
NDA4MjAyODQ3ODU4NTY4ODcyMg==,8
NjI0NDg5MjAxMjU5NTcwNjY4Ng==,8
Njc0MDY0ODQ5NjU1NTA5ODc3Mg==,8
LTM0Njg3OTAzOTY2MjE1MzQwODM=,8
NjMxNTE4NzYxODQzOTQzMjA2OQ==,8
NjI4MzkzMTAwNTgyNDE1MDk4Mw==,8
MzQ4OTQwMjE5NTMxNzc2MzgxNQ==,8
LTYyMTQzMjM0ODE5OTQzMTIzNzE=,8
MTc5MzgyNzE5NjM4NTQzODM0Mg==,8
NjQwNjgzNzU1NjA5NDk2NTA1,8
LTMzOTIzMzYxMzAzMzQyOTEyOA==,8
LTc4Mjc3OTM3MjI3MTQyOTA5MzE=,8
MzU2NzE1MDcwNDI5MzkxMjAyNw==,8
OTAxNDg3NjQwMjI4MjM5NTAx,8
LTkwNTE5MjkwNjMyOTIxNDkz,8
LTQzMDI5ODg4MDMyOTE2Mjc4ODc=,8
NzIyODQyNDk0MTU5MTQwODU5Mg==,8
LTQ5ODMyNTAyOTY4MzE1OTQ0NTc=,8
ODg2NzI5ODk2NjIxNzM5MzQ0MA==,8
MzY0ODYxNTk1NTQzODQ1ODI5NQ==,8
NTUyNTg5MTk0NTU4MTA4OTM5Ng==,8
LTQ2MTg1MTAzMjQ3NDkxOTgyOTU=,8
LTI4ODAyNDMzOTg2ODg3MzkxNDI=,8
MTU0OTY5OTY1NTQxMjEyNjYzMA==,8
LTUwODk4MjkwNzk3ODM1NDAzMzI=,8
LTU0Mzg4OTgyNDEyOTgxMzcxODc=,8
Mzk3MzA1NTIyMjM5Nzk4MTQ0,8
MzE3MTE3MzUyNjk1MjM2NDM2NA==,8
LTY0MDU3NDI4NzM3NDQ5NDcyODY=,8
ODE1NjA0NDc4MjU0ODAyMDEwOA==,8
LTU0NzU3ODE3Mzk2MzMxODk3MjI=,8
OTc0NjMzODE3ODUyNzYxMjU3,8
LTY0MDQyMDEzMTI0NTA3ODk4MzI=,8
NDk3Mzc2Mjc4NzAzODgxNDcxMA==,8
ODA2OTY0Mjc2MDkwOTMwNDQ1OA==,8
LTQ5MTU3MDQ3NjQ3OTEwMzI4Mjk=,8
LTQ4NjAyMjMxODk2NTA3ODY0MzI=,8
NjczMzA4MDMzNDcyODg5MDU1Ng==,8
NTYzMTM2ODEzMDI3MzY2NDA5Mg==,8
NzM4NTk1NzY0MDcwNTM5MDY4OQ==,8
LTI5NzMwMjc2NjIxNjc0MTQ1MDU=,8
LTg4NjMwMTY2OTM0MjcyMDIzOTA=,8
LTQwNjg2NTI5MTA4NTQ2NTY2Nzk=,8
LTE0ODkyNjI0NzU1NjU1Njc2MTY=,8
LTE0Mjc5MzM2Njk2NDY1MjA3NzU=,8
LTg3OTQyODE5MTY1MTYxNDAwNTU=,8
LTgyMTAzMzQ0MzkzNTM3NTA3NTQ=,8
NTE0ODI4MTA1ODg5NjIxODgxMA==,8
LTUwMTYwNDM5MzkzMjM1MjU1MjU=,8
ODM2NzE2MDIyNTUwMTUzNzQ2OA==,8
MTk0NDA3NDk3NDI4NjM4OTQ5Nw==,8
LTQ0NjYzNTQ5MTYwOTQ2ODE1NzI=,8
LTI3NjcxMTU0OTg2MjE1MDA4NzM=,8
LTQyOTE4NTA0ODExNDg1OTc5ODE=,8
LTE5MzAzNjYzNDgyMTUwODA4MzE=,8
LTM2NjY4NjQwOTc5MTcxNjA3NjE=,8
LTU5ODY3NTQxNjY5Mjc2MzYxNjQ=,8
MjExODMxODMwNTczODc5MTMwMA==,8
LTY5MjY3MDA1NjIyOTY4OTc1MTU=,8
MjI1ODMyOTg1MTA2Njg0OTU4Nw==,8
ODI4MjMyMDEwNzIyOTAwODk2NA==,8
Mjc3NzI1NDc3OTY2MzY3NTY2MQ==,8
NDExODUzMjc3MjgzMzg5OTA2NQ==,8
NTE5OTQ2NDY0MzQ3MzU1MzgxMQ==,8
LTM5Njc0NTM1ODg4NDA1NTQ1MTM=,8
LTM0ODMzNDU2MjY2Mzg5Njg2Njc=,8
NDk5MTAzODA1MDQ1NDIzNjgxMQ==,8
LTE1MTM2MDA2NjQ1NDgxNTk4Njg=,8
NDc1MTQwOTI5MDIzOTA2MjU3,8
NTI1MDQwMjIyNzE3MDQwMDc5MA==,8
MzQ0NTk0ODE4ODg3MTg0NzczMg==,8
Njc3ODA4MTIxMDQxNDU1MDczMQ==,8
LTQxOTgyMjYyMjMzMzI1MTg5NzE=,8
LTM0MDgwMDQ0MzU3NzE3NjUyOQ==,8
LTY5MjExMTE5Mjc3MTcyMzQzMjM=,8
LTgzMjY3NzA2NjA5ODUzNTc5MzU=,8
LTc0NDIyMjc3ODI1ODYxMjE2NjI=,8
ODU0MjMxNjMzMTc3NjY4OTM5,8
LTU4OTQwMjQ1MDA0MDY3MDg1MDY=,8
LTEyMDcyMjQ5NTAxNjM1NDM4MTg=,8
ODQ0NTE3MDg4NDQ0MzIzNjQ2MQ==,8
LTY5OTU3NzU2MjkxOTk2NTc2MTQ=,8
MjA2NDY0OTkzMzIzODY3MzUwMQ==,8
NjU4NDM5MzExOTQyMjM5NTIxNw==,8
Njc2NDMzOTE5MjYzNTgxODIyMg==,8
MTg0MDk5NDQ3NjkxNTU2MTQ3Mw==,8
NDg1MDIzMTg1NTA5OTgxNDgyMQ==,8
LTY1MTExNzA5Mjk5Njg3MTYyNDM=,8
LTYxNDY3ODk2NjM1ODE3ODMyNzY=,8
LTQ0MDk1OTc2MjE4MzU2NzgxMjU=,8
NzI4NzY0Mjk2MDc4OTEzOTczNg==,8
NTgyMDkyMjE0NDYxMzQxMTE5NQ==,8
NDE0MTMzMjU0NjAyNDEyOTMxMQ==,8
MjgxMDM0NTA5NTQ1ODc1ODk0Mw==,8
LTE0NTc4ODM0NDU1NjI1NTg4NzY=,8
MTQzMTU4Njk5NzE2NDcxNTUxMw==,8
LTcyMzExODMxNzIyNTc3NzY1MjQ=,8
NDMxMjU2NTYwOTkyNzUyMTUzNQ==,8
NDkxNTY1NjM4NjI0NTMxNDc3OA==,8
NDg1NTI3ODE5NzQ1NjQ3OTc3Mw==,8
LTcxMjI0NTI2NzQ5MjU4NTM0Njc=,8
LTc1MzE3MDc5Nzg2ODI1MTkxMTU=,8
LTkwNTgxNzk4MTQxNzQ5NDQyMjU=,8
MzYyNDU0NjYyMTcxMTMwMDY0OQ==,8
LTc5MTgxNDM0NDA4MDYxMzMz,8
LTUxNjE0MjM1OTgzMjU4OTIxNDQ=,8
NDc5Njg4OTkwMjQxMjgyMjYxMA==,8
LTI5OTUyODcyNDcyNjY2MDgwNTA=,8
NTI1NDgyNDk4MDIzNzk3Nzg3MA==,8
MTMxNjA5NzU3MDUxODQ2OTQ3Nw==,8
MjM5NzI5MjcwMDE5Mjg1NjE4,8
LTM0MDAwMTEzMjA2OTk0NjE0MDI=,8
LTgwMDc4MDc3NTMyNDI2OTYwMjg=,8
LTI4NDEyNjI3NDY1MjY3NDQ4MzE=,8
LTQ0MTQxMzQ5ODQ3MTI3ODU1OTk=,9
LTY1MDQ0NDcwMzE3NDM2MjYwNzU=,9
LTQ5MDU2MzgwMzQ2NTI2MDk3NDQ=,9
LTMyNDIxNDgzNDI3MTg3NjU1MQ==,9
ODc1NjUwODU0ODg0MTA2NjY2Mg==,9
LTQ3NzE1MzE2ODMzNTU1NTAzNTc=,9
LTczOTg3ODY5NTI0Mjk0MzU2OTI=,9
LTI3ODMxMTA1NDg4MjU5MjIyMTE=,9
LTM4MzE1NjM4NTMxMDAwNTgxNTE=,9
NTY3MDQzMzI3NDM5NzI2ODYzMg==,9
LTQ0NzQ1NzEyMzMwNTkzNDAwNDE=,9
LTY5NDg3Mjg0NDYxMjY0NjkyMTY=,9
LTU5MTk3ODY4NDMwMzE5NjY1OTg=,9
LTkxMjA0NzY3MzkxNjc4MzQwODU=,9
LTMzNTEwMDUwMTA0MDcxMTY1NDU=,9
NTA4NjA1MjQxODQyNjk1ODM5Nw==,9
MzIyMTEzNjEwODU0NjE5MTcxMw==,9
LTM0ODA2OTc3Mjg0NTU2NDEzOTg=,9
MjY0MjQwOTY0NzQyODY3MTQ4,9
MzgyMjY3MDg1ODUyNTE1Nzk1OQ==,9
NDI5ODc1ODYyMjA4NDMxMzQ1Mg==,9
NzQxNzMwOTUxNzQxMDM4NDkyNg==,9
LTYzNTE4MzYyODQ2MTAzMzM0MTA=,9
NDQ3NTMzMTg3OTg5MDY0MjEyOA==,9
LTM4MzIxMjE3MzAzODMwODUxMzM=,9
NzE2NzM1NzMwNTE2MzcxMjYzMg==,9
LTEwOTQzMTA5MDQ4MTQ1OTU3NTg=,9
LTEyODM5NTU1OTI3Mjg4NDIxNzM=,9
NDEwODg1MzA1MjM1Mjk1Mjc2,9
MzU5NjIzMDExNTA3Mjc2NDgzMQ==,9
LTY0MTAxNDg3ODk1NzI2NTY5NTk=,9
LTYzNDY3NTUzMjE0NDMxNTc1MTU=,9
LTI4MDgwNDg2OTMxNjk1NDQxNzk=,9
NjUwMDk0ODEzMzQ3NTA0ODgyNw==,9
LTY3MjQyODExMDI5MzE4NzY0ODk=,9
NjIxNjAxNTYzOTc2NDQyMjczNg==,9
LTYzMzU3NDUwMTUwMDQzNTM4OTM=,9
LTcyNzM4NjExMDQ3MzgwMTQ5MzY=,9
LTg0Njg2Mjc1OTg5Njc1MTM1MTc=,9
MTEwNDQyMjk1NzY4NTE3MDk0,9
NjkxNDU2Njc2NTQ5NTQ3NjY3OA==,9
NDY0ODM0MzcyNjA5MzUwMDA4NA==,9
LTY1NDE2NTQ4Mjg0NDI1MTUzMzM=,9
LTc2NzQ3MDk4NDY1MDYwNDQ2NzQ=,9
LTc2Mzg4MDA4OTI5OTQ1NTE1Nzc=,9
LTEwOTA0OTQzNDYzMTAyMjI1Mg==,9
LTQyODAyNDMzMjUyMjk1ODA1NzM=,9
NzQ1Mzk3OTYyMDI1Mzk3ODkzOQ==,9
ODcwNDE4MTM5OTA1MjA2Mjg5Nw==,9
LTE3NjEwMTY5Mjk2MjA2Mzc1Njc=,9
LTc5NDM0OTUxOTcyNDEzODc5MDc=,9
NDgzNjA2MDA4NTkzMjQ5Mzk4MA==,9
Njk5MDUwNDQzODM3MjEwMjIyMg==,9
LTEwMDgyMjk4Nzg0MTA2OTQ5NDg=,9
LTI2Nzk0NDYyNjgxMjU2MTE0MjA=,9
ODYwNzk1OTQ3ODYzMTcyNjQ0Mg==,9
MjEzOTI4ODc3MTQ0MTcxMTM1Mg==,9
LTM3ODUxODAzMzg0MTU1NjYzNA==,9
NzA5Mzc3MjAwMzY3OTg2MzY0,9
NDc2NjA1NTYyNDUwMTQyNzQ4Ng==,9
LTMwNzcwMDM4MTUxOTkyMDE5ODM=,9
NDQxNzU4OTM3ODQwOTAzOTk3NQ==,9
MzA3OTk0NjUwMTI4NTA4OTIy,9
NzExODc5MzA1NjY3MTAwMjA1OQ==,9
Mjc5NjIzMjQxMzYyOTg1MDMzOA==,9
NTcwODQ3MTMwMDQzODc4MTUwNA==,9
MzA2ODQzNjY3NjIzMDc4NDIxOA==,9
OTE1MDY1Nzg4MzA2NDA0ODI4Mg==,9
LTY4MTYxMzYzMzY3ODg5OTkyNjQ=,9
LTMzODk2OTg4Mzc3MTg3NjczMDA=,9
LTU4Mjk2ODkyMDY0NjAzNDY3NTE=,9
LTIyMTMyMjQ5OTY2NTQwMzcwMDU=,9
NDY3MTI4ODE2NzUyNTg5NjA4NQ==,9
MTcyNTA1NDczMDYxMDk2Mjg5,9
NDg5MjE2MjYwOTc5NDAxOTk2OQ==,9
LTczMzA5NjU2MjE1MzY0Mjc1MTc=,9
ODE5NDc2MTEyNzczNDEwNDkwNA==,9
ODMxODc1MTQ1NTQyNDUyNTQ2Ng==,9
NDc4NDc1MzEyMjkzODk3MDA5Mg==,9
LTg5ODAxOTU0MzUzNTQzOTE1MQ==,9
LTQxNTg2OTM3MjA1NTQ2NzcxMjg=,9
OTc1MzMwNTI0NzU1NDcyMDg0,9
LTI3MTU2NjYyMDY5NzA5MzU4Njk=,9
LTYyOTk1NDY2MjM4OTg2NzM4NTM=,9
LTI0NzE4MTQxMzM0NDg3OTgyODU=,9
LTkyMDU2MjY3OTc1Mjk2NjIyNzE=,9
NzgxNTgzMjA4OTI2MTMwNjY3OA==,9
MjQ4NDkzNDg4NTc0OTM2MjA4Mw==,9
LTgxOTc2MTY0Mjk4NzE0NjE5ODk=,9
MjAxNTc2NTE5OTYyMzI2OTg3,9
Njc4MDAxMTY3MzE2MTE1NDkwNA==,9
LTY0OTc2MDI2NjM2NDg3OTAxNA==,9
LTcxOTQzNTczODI1NzU1MjE4NDc=,9
LTI3NjQwOTI0MTI1NjM4MjU2NDc=,9
LTE2NTEzODU3MTU3NjAwODQ5OA==,9
MjQzODc4MDA2OTEzMDM3Nzc1OA==,9
NzE0ODkzNDQ2MDgxMzk5MDgwNA==,9
NTAxNDUzODEwMjUxMTcyOTk4OQ==,9
ODcwMjY5MzY2Mjk1MjY4MDk5Mw==,9
LTg4ODE5MDIwNDI0MzA1NjMzNDE=,9
MzQ1MjMyMjk2MzA2MTg3OTQyNg==,9
ODE5NDgwNjQyNDY2NDQ3MzIwMA==,9
LTUxMzE4ODQ5MTg4NzI3OTMwMzc=,9
NzQ0Nzg1MjQ1NDYwOTYzOTkzMw==,9
LTY4Mzk4NDQ0NTM1MTI5NjM0NzY=,9
LTI4MTYxOTU1NTE5MDE4MTQ5MzE=,9
LTcwMDU2MjI1NTU1MTQ5NzE3MTg=,9
NzAxNTQyOTk2NTU2MzMzNDk5OA==,9
NzcxMjQ5NDg3Mzg3ODY4NTU5OQ==,9
LTg1NjQ5NDgyMDgzNDQwMzE0NTM=,9
MzIzODQ1NzMzNDM3MjY5MDU0NA==,9
LTM3MTY1NjkyMjE5MzI1MDQ3OTM=,9
LTMxNjA0Mjg0MDU3MTk0MTIzOTg=,9
LTcxNzkzMDM0NDQ2NzcyOTk1NjE=,9
LTY4Nzc4OTU0NzQ4MzUyNDc4MA==,9
LTQ5MTkyMzMyNjE4MzkyNDk4MzQ=,9
LTQxMTgyMDkyMDAzOTQ1NDE2NDc=,9
NDcyMjYzODEzMDAwOTI4MDY2OQ==,9
NjA1NDQ1MzE2NTA4NjI0NjQ2OQ==,9
NDgwMDA3MzYxMzUxMTQzMTc0OA==,9
NzQzMzkxOTc2MzQ3MjMyNzQy,9
MTc3MzU4MTk1Njg1MzU1MjU2NQ==,9
MTgxMDk3MjE5MTY5NTU4OTg2Mg==,9
Nzc3MjA3OTgyODc5MjA1MzA=,9
LTcxNzYyMjM5NDk2NTExNjk1MTU=,9
NDAxMDk4NjI4MDcwNzI0OTQ3Mg==,9
NzQ1NTM0MDEzNTE0ODA2Njgw,9
NjQ0MDQ5OTM3MzY4MDg0ODQz,9
ODU2NTEwNjUyNjQyNjA3OTgy,9
ODkyMjY5NDE1NTcwODAxNDMwMg==,9
ODgxMTU3NTYxODMzMTMxMjExOA==,9
LTI5OTU1MDE3Mjg1MjYzMjE2NzY=,9
NzExNDI5MTM1NTAwOTQyOTE4MQ==,9
LTg3Nzg4MDYzNjYwNTQ3MzM2NDI=,9
LTU4OTk5Njc4MDYyNjY1Njk2ODc=,9
LTY0ODg1NzY0NDExNTM3MDQzMzQ=,9
MzU3OTY0ODMzODY4NDY2NTIyNA==,9
Mjc3NDEwMDMyMjQ0NTkzNzg5Ng==,9
NDM0OTE2NDEwOTUzODM3MjA4NA==,9
LTQ1MDczNTA3MjIxODQ4OTUzNjY=,9
LTg2NjIwNDU0Mzk0NTU0MjgxOTU=,9
LTcwMjkxMDA3NDgyNTA0MjI0ODY=,9
LTQxNDQzMDM0MjMxNjg1MTE5ODY=,9
ODQwODc3OTExMzY5NDk1NjM2OA==,9
NTIyODkwNTM2NTQ5MzExMjI1MA==,9
NjM5ODMxNTUzNjY3MDE0NDk5OQ==,9
LTczNDk3OTIxMDUwODAxODUwMzY=,9
NjQyNTQzMTMwMTM0MTg2NDM3OA==,9
MzY2NjIwNTExNjExMTk2ODk2NQ==,9
LTU4MDgyNTk2OTMzMTA2MzYxMDc=,9
NzAyNTY1OTIwNzg0NDQyNjUy,9
LTc2NTkzNjI0MjI3Nzg3MTE0MDY=,9
MTY2MzA3OTg0MDI3OTY3MzAwNQ==,9
LTMwNDI1MTQ5MDU5MzU0NDc0NjA=,9
MzY5OTE5MTA2NTI3OTY4OTYwMw==,9
NTgwNjIxMzgyOTk2NzI5Nzg0Mw==,9
LTkwOTIzNjY1NjAyNjI4NDQ0NTA=,9
NTA5NDYxNTU1NjU0ODE5MzM4NA==,9
Nzg3MDYxMzkwNTk3NDY3ODQwOA==,9
LTQ2MDU5NTc1NDYyMTA0Mjc3MQ==,9
LTUwODE4NjI1MTc1NTc1NTcyOTc=,9
LTcwODU5NTM4ODQ4MTExNjg5MTg=,9
LTIyNDM4ODI3NzczMTI4MTI5MjE=,9
LTI4MTE3NDY3MjM0NzkwNTM2OTI=,9
LTIyNzY1NDU3NTkyNzM2MTY5Nzc=,9
NDk2NDI4NjE5NjI1MjI2Njk0Nw==,9
LTUzNjk4Mzc4NzgxMTA3NzAwODY=,9
LTM0NzUwOTA0MjA5MDIzMTY0NDI=,9
LTE0MTU2NjI0Mzc1NjQ3OTcyOTQ=,9
LTY1Mzc1MTUzNzkyMjQ0ODE2MjA=,9
NDQyOTE2MDYyMzAxNjY5NzAxNg==,9
LTQxMTE4NDk0Mjg1MzM5OTc0NDg=,9
LTM5OTk1MDAyNTExMjY4ODk3OTI=,9
LTYwNjYzNTYyMTkzOTIwOTM2NjM=,9
LTQ0MzUxMDk5NDkxNjI3NTcwOTA=,9
ODA5Nzg4Njk5ODY0MTgxMDE1MA==,9
LTQ0Njg3ODk5MDg4MDc2OTAzODM=,9
MzcyMjY3NDA2NzIwNDgwMDQyMg==,9
NDY4ODc5MjEzODcwMTIzODgyMw==,9
NzcyMzU4OTYwODI4ODcwMDMxNA==,9
LTY5NDY2NzEwMTIyOTQwNTc5MDg=,9
MjI0NDYwNTY2MDIxMjI3OTQyOA==,9
LTI2NDQ1NzQ4NDY1NjkxNTQwMDk=,9
NjA0NjY1MzMwODg4MTQ4ODY2OA==,9
NjM2NzI5NDE4OTU1ODQxNTI2OA==,9
NTE2OTk4MzE3MjU5MzA1MTg4,9
MTU4MjY5MzI2NjI5NzM2NjI1NQ==,9
NDQzNTI5ODI0OTc5MzA3NDgyNQ==,9
LTQxODYxNTk0OTc3MDM2OTM0Njg=,9
NDMzNDk5OTg5NDMxNTI3NzE5,9
NjU1MzYyNjQwMzEzNDEyNzgyOA==,9
ODI1MDM5NTA2ODIyMDY2NjcwMA==,9
ODQ5MjA5MTYxNDM4MDM4MzI4Nw==,9
NTExNjk2NTEyNzAxNjMxMjA3Mg==,9
ODE5Nzc3MTM3Njk1NzQ1NzA2MA==,9
MjA0MjIzMTQzOTA1MjQ3NDg4Mw==,9
LTU2NTc0MzQyMDc1MjU4MzM3ODY=,9
LTExMDg4OTc4MjQ1NjQ4NjMwNDk=,9
MjUzMzc5NjI3NjYyNjIyODY2Nw==,9
NzA1MTQ0NzczNTMzMzY1MDQyMg==,9
MTc2MDU0NjcyNzUyMTA4ODg0Ng==,9
NTI5MTkzOTM3MTMyNTM0NjE4Ng==,9
NDI2NjA1NjAxNTUxMjA3OTQwMw==,9
LTk5MzMzMTA5NzQ1Mzk2MDQzMA==,9
LTU3NTY2NjUzMjM2NDE4ODI3MTI=,9
MjcxMjkzMjg0MTc5MDk3MTcwNw==,9
Nzk1MDE1MDc3MDkxMzMxMjM5NA==,9
OTAxMzE4ODQ5OTg5MzkwMTk5Ng==,9
MjQ0NDI2MTYxMjY4NzM3MjEwNg==,9
ODU1MzAyMTY2MzM3NjI1NTYwNw==,9
LTY3MTAzMDg4MjgzMjA4MzI1Njg=,9
LTQ0ODY5OTk4NDUxNjYxMDA4NzA=,9
NzI5MzY5NTU5ODc0ODkxNTEzOQ==,9
NTc1MjQ0MjI4NTI3NDgyNDU3NQ==,9
LTM5NTMzMjUzMzUxNDc2NzQ3MDI=,9
ODY1MzE1OTIxOTY1MDc2MzQ0MQ==,9
LTg0NjUwNzg2OTgyNTgxNTc2MzQ=,9
NDY0ODMxNzA4NjE0Nzg4MTczOQ==,9
MjQ5Mjg2NDMyNzQ1NzA5MjQxOQ==,9
MzEyNjg0NDY4Mjg1MzM0MTI0MQ==,9
LTI1MjcyNDM1MTY5MjAxMTg5MjE=,9
LTQyMTI4NzAxNDk3MDI5MzY0MTU=,9
LTg3MDM4MDkzNDE1MDc0NzYyNzM=,9
MTE5MTU1OTI4ODkwNjY5MDI3Mg==,9
LTIxODU2Mzg1NDAwMzkwNTk3Mw==,9
LTE1NzgzMjcwNjIzNTM3MzcyOTc=,9
LTkwMjAwMzA3MzM4NjM4NDI3MjE=,9
LTU5MDE2NDE3MjY5OTkxNTQ0NTI=,9
LTIwOTgyMTQ3Njg1NTkyMDM3NA==,9
LTg2NjA0NzI2MDYwMDE5Njk0MzQ=,9
LTgyMTY4MDA4OTk1ODQxMTUxOTI=,9
MjQ4MzEwMjY2ODE2OTA2ODExNg==,9
MjgyNTkwODMxODUwMjI4NTkwNQ==,9
LTcyNDc4ODQ1NTQ5ODE1ODQ1Mzg=,9
NDczMzA0NDAzMzE1MTI2MjM0Mw==,9
NzE5NDA2NzcyNDE4NzcyMzY1,9
LTE3MDY0MzAwMjI4MzAwODIzMTg=,9
MzMxMTM3NzI2OTg5MDMwMTc2Nw==,9
LTE0MjUwOTU4MTI4MzkyODEzNTk=,9
LTM3OTgzNzUyMzQwOTc1MTcyOTQ=,9
NDQ0NzQyMjcwMzY4NTI4MTgwNw==,9
OTExMzY0Mzg2MjA2NjMzNTIyOQ==,9
MTMxMDc3NDA0Mzg0MzY3OTkxOQ==,9
NTUyMDAyNDc1MzE4MDgyMjQ4OA==,9
LTc3Mzk3OTY4ODA4OTUzNDI0Mzc=,9
LTQ2ODc4NTY0ODA3NDI2MTUzNjI=,9
LTEzNjE0MzUzNjk3MDUyNzMwMzg=,9
LTUxODkyNTgyMjU0ODU5ODg0NjI=,9
LTMzNjExODI5MTY2MDQ0OTcwODc=,9
MjkxMTU4MzE3Nzk3ODE2MzQxOQ==,9
LTkxNzU4ODkwMDQwMDUyNTQwMTQ=,9
LTkwOTY3ODMxMzYxNDI4NjMzNzU=,9
NjQxNjk1NTAwNDE5MDQ0MTc4MQ==,9
LTY5MzU0NTA1MjMwNTg2MzA5NjU=,9
LTM3OTk3MDQ4NzMwMTUyODg1MjM=,9
NTg5OTE5MzUzMDM0MzQzMTg4NQ==,9
LTg3NTE1NzUzMjgxNjI2NTc3ODE=,9
LTM2MjkzNzI4MTkxNjIzMTY4MDU=,9
MjgwMzYyMjg4MzM1NTIyNjEyNQ==,9
NzI3MjE3NDU0MTI4NzQ5NDA0MQ==,9
LTU2ODUyMjk5Mjc4NTYyNzIzMA==,9
LTQ4ODIyNzQ3NTg4OTIzNDQ0MDg=,9
LTU3MDc0ODc2NjYyMTUxMDExOTc=,9
NTU2NDUzMjM1Njc1NTc2NTUyMg==,9
Mzk2MzE4MzM3NTIxMDcxNjYyNA==,9
LTEwMzc3MzkwOTUzMTQyNTkxNTA=,9
ODg1MTEzMjY5MDA4MzE0OTc1OQ==,9
LTc3NzI0MTM3OTcxNjI3OTM5MzM=,9
LTc5NjY1MDA1NDUyNTc0NDYyNTg=,9
LTg3MjY5NDczODM1Nzc2MDMwMTM=,9
ODQwNzQ1OTgwNDM2Nzc2NTU2,9
LTg0NDA0MDg0NjMyNjcyMTA4NTQ=,9
LTc1NTkxMjMwODkwNzU1MjI2ODc=,9
MjI3OTUwNTkyMzY4Mzk0MTYxNg==,9
MTI0ODM3MDg0MTcyMzQxNjExNA==,9
MzcwMjYxMTcxMjQyOTMxMzM1NA==,9
LTE2MDU2NTgzODEwODA3MzY2MzA=,9
OTE2NjI2MTMwOTQ3MjQ3MTUwMQ==,9
LTUwMjgxNjQxMjE0NTY3NDg3NTk=,9
LTM3MjU1OTU3NTI3Njk0MTI4OTE=,9
NjA5MzM2NDE2MTQ5Njg0NjAwMg==,9
MjcxOTMyOTczMDM5NDA2NTk5Nw==,9
ODM2NDg0ODE3MzI5OTMxOTk0Mg==,9
NTQxNjA1NTQxMDE4MzE0NTUyNw==,9
LTIwMDIwMzA3Mjc3NTI1MzE4OTY=,9
LTExMjAwNzQ2ODU4MTQ2OTE0NTA=,9
LTg3MDQ3OTA2MDkyNzk3MDg1ODI=,9
Nzc0MTI4NzUyNDY2MzYyMTM4MQ==,9
LTQ3NTc5NjE0NDgyMTYwMDU0Mjc=,9
LTM4NTAwNzE2MTQzMTc0OTM3MTU=,9
NTU0MjUzMTQyNTk3NjMwMDc2NA==,9
LTY5NDAyODM1MTQ2MTQ0NDc4MDM=,9
LTgzNTA1NTkzNjEwNTUxMDg5MTg=,9
LTI3NTU1MTAzODEwMjM1ODkyNDY=,9
LTUwNTkyODc3ODczNTkzNzcxMTY=,9
LTE0NTg2ODk3MzMxNTE4NDE2MzA=,9
LTY4NTIxMzkyNDA0OTI4NzE3NTc=,9
LTEwMTk0MDI1ODcxMTA2NDg1NzM=,9
LTI0ODg0OTQzNTQzNjU2MzcyNzE=,9
NzY1NDk4NTQ5OTI2NTcyNTQzNw==,9
MTc5MzQxNTg5MTk0NjI4ODUxOQ==,9
LTM2NDY0MzQzMzI0NTE1MjQzNDA=,9
NTE2NDY5MTA4NDgxMzYxNTU4Ng==,9
LTc1NDAyNTM1OTQ3Nzg3NzE2Mw==,9
MjM0NjYyNTk3NzgxNjEyMzU2NQ==,9
LTE0ODc1NzA1MDk5NjU2NTQ0MjQ=,9
LTE4NjcxOTM0NDY0MzM2NzY1ODk=,9
MTk2MjEyNzA1MzE4MDQ1ODg5NA==,9
LTgyMjQyMDgwMzUxNzk5NjI1MDY=,9
LTI2NzUxMDQ0Njg3NTU3MzQzNTk=,9
LTU4Njc0OTMzNjEyOTI2NDY2NzU=,9
ODQ0MTc3NjUxMzMwNTcwMjI5NQ==,9
LTY2NjAxNjU3NzY4NDYxNjYyMTE=,9
LTc3MDc1MzUxMzE1Njg1Mzg1MjE=,9
LTI0Nzg0MzEzMjgyNzA3NDYzNzA=,9
MzY1NTI5MDU5NzI4OTU0NzkyNQ==,9
Njk1NDY1MzI2MzYyMDQzMDYwNQ==,9
NTY1MzMyNjQ5Mzg0ODkwNzc2NA==,9
LTU2NTUzMjMxNjAyMTQyMDQyMDM=,9
LTQ4MzM3NDI5MTIyOTU3ODczNDI=,9
NjY1MTkyNDk0MDk0MzE4Mzc1MQ==,9
LTM3OTkyNDk1NjA5MTk1NTg1OTA=,9
LTc0MDAwNjUyMjYxNTk1ODk0NTA=,9
LTQxNTI4NTk1NzAzMTY3MzA3OTA=,9
MTI1MTgyMjAxMjU0Mzc3MzAzNg==,9
NjEzMzM0NDMzODkyNjUxMzU4Nw==,9
ODA4NTQyNzk1MTkxMzU0MzkxMg==,9
ODQ4MjYzMjAwNTc3NTY2NDU4NQ==,9
LTQ3NjI3NzY0MDA3NjkwODgyNw==,9
MzkyMTcwODY5MDE1Mjk0Nzc5NQ==,9
LTM2NjI4OTI4MDI1NDAxMjY2OTk=,9
NTI1MjQwNTE4MzUxMTc3MDIxNg==,9
NDI1NTE2NDMzMDI3ODgwNTIxNA==,9
LTkxOTk5ODYwNzYwMzk3MTI1OA==,9
NzcxMTY5MjE1OTUyOTA2MjU2OQ==,9
NjAyNzIwNDQ2MDY0MDUxNjkwMg==,9
LTEwOTA5MzEyMDQ2NzM5NjE1NDQ=,9
NzY0MzEzNDMyODY2NzgzMDMx,9
LTUwNDk1NDE1NjUxMDU1NzA1OTc=,9
LTgxODc1MTU3Mjc5MTMyOTE4MDM=,9
NDQ1NzgxOTI0NTQ1MDMzMjY3MQ==,9
LTM3MDAwNTgzODQ1Nzg0OTI4,9
NzkyMTU0NDczNzYyNzkwOTkwNA==,9
NzEzODM1MjI5NDE0MDg2MjgwOQ==,9
LTQ1MjE3MTYwOTg4OTgzNTY1MTQ=,9
LTc1MTk2ODg2ODE1MjM1MTk3MDQ=,9
LTU2ODg0NDYyMjk5NzQ2ODI1NzA=,9
LTE2NTI2NjEwNTc5MzUzMzUxMTQ=,9
Njk0ODM2NTQ2MDA1NDY5NTA4MA==,9
ODMwNDQzMjQ5MDY1NjYyMjIwNg==,9
LTc5NTI5NzM4ODI4NDM0NTMzOTU=,9
LTQ2OTEzNTc0MDU4OTM2NjU4OTY=,9
MzEyMjk2NzEwODg2MDQyNzgxNA==,9
NDkxMjg3NTA2Mjg5NjMxNDI0MQ==,9
MTE4NTYwNDg5ODc3MDM3MjkzOQ==,9
NjE5ODgxMTA4MjY0NzkxOTAzNQ==,9
Nzc0MjY1NTA2NDE3MTQ5ODk3NA==,9
LTYxMjU2NDI0OTIzNzM4MTI2Ng==,9
MzU0NDgyOTM4NTQyOTY3NzMyNQ==,9
MjY0MTI4NjQxNTc1OTI2MjQ1MQ==,9
NDI3NjI4NTM3Nzc5NzQwNjQ3MQ==,9
LTU2MTg2Njc0Nzg4OTAzNjg4OTg=,9
NTAyMDYyODk3NzE5Nzk0OTQ5,9
NDkyMDk5MDU0MzQwNTYxMjU5,9
LTUwODczOTUzMDU3NzY5MDIyNDk=,9
LTUwNjMzNDg1NjUyNjYzOTc4NTM=,9
Mzg2NjQzOTUxNTQ1MjEwMTQwNw==,9
NTM5NDMzNzE5NTg4OTAwMzUyNg==,9
LTcxOTUwMDcyNjI3NDM2NjE2MzA=,9
LTMwODM3NDE4MjYxNDAzMjU1OTU=,9
LTU0ODk0MjkxMDI1Njk5MDE5Mjg=,9
Nzg2MjgzMjIzNDgwODYxODYwMQ==,9
Mzc3OTE2NDE3MzU4OTQwMzg5,9
ODUzNjg1NDY3ODE5NTkyOTkx,9
NzE2Njg4NTM2MTI5NzQ0MzQ3OA==,9
LTc3NjU2MDMyMjA4MzY3NjEyOTg=,9
LTQwODg0NzAxNDQ5NzY3MzkxNjg=,9
MjM1NDk2MjI5NTE5ODg5MDk1MA==,9
MzE1MDc0NTkwMTg1NzEwNTM1Mg==,9
NjU5MDA5ODY1MTM1OTUwNzc2Ng==,9
LTE0MDE2NzE2NTE5Nzc5NTIxMjY=,9
LTEwOTg3MzM0NzI3MzU5MDMzMjU=,9
NTEwMDU4MDE5MTY1MTczNDA0OA==,9
LTM0MDMyMDc3MDc4MDU2MDMzNTQ=,9
MTc1NTA5Mzc4OTIzMDkzMTk4OQ==,9
Mzk1Njk0NzYxMTY5NzcwMjMz,9
ODM5MTcyODg1NzkxNDc0MTk3,9
LTc0NDI4NzMxMzMyMDc2MjU0ODM=,9
MTQ5MjU2ODkzMzE5MjA4OTYzNg==,9
LTYxODYzMDgyNjI5OTE1NzEwMTY=,9
MzI2NDgyOTE1MzMyODcyMzkyNA==,9
NDI1ODAwNzE3MTU4Mjk3NzA4OA==,9
Nzg5NDM1MDE5NjUzOTY2OTYwMg==,9
MTk2MzgxMTMwNzYyOTkxMjYzMw==,9
Njc1MjA1MzYzMzExOTg4MTQ=,9
NDkyNjUwMjA1MTA2MDkwMjE1MA==,9
LTI0NzQ4NDg3NTU2MDEwMzEwOTc=,9
MjQ1MzY0MzcxMzA5Mzk4MjU2MA==,9
LTYxNDEyMTk2MzE2NzcwOTI4NzY=,9
NjM1NzU0ODExNDM1MTY5MDIwMQ==,9
LTg4NzIyMzQ5NjExNTM1MDIxMjA=,9
LTcxNjExMzk1MDgwOTA2NjM0MDY=,9
LTUwNDM5MTc0OTkwNTc4MDkwNw==,9
MjYwNDcwNDI2OTM5OTQ4MDE1MQ==,9
LTg5MDcwODQwNDgxMDI5MTMwNjY=,9
MjQ1MDI0OTI2MDM0OTA4ODM5MA==,9
LTcwMzk0NjUzMTAzODE2MzEyNzY=,9
LTQxMjY5NTUwNDU1MzU5MjQ1OTE=,9
LTcwMDYyNDk5MjUyMTMwMzAwOQ==,9
LTU5MDgzNTQ0NTU2ODQyODU2Njk=,9
LTY4NDQyNDA0NjA3OTg3OTM2NTM=,9
LTcxNjc4MTczODU4NjY1NTg4NDY=,9
LTUxMDQzNzA3MTQxOTg3ODQ5MTA=,9
LTg5MzAzMzkxNDkxOTIxMTY0ODU=,9
LTkwODYxMDM4NDM3OTU0ODY1NDE=,9
NzExNzc2MTAyNzkxOTYyNTk0,9
Njc2MjcxMjg3Mzk4NTI1MjU3OQ==,9
Njg5NzMzMTMzMDAwNzg5ODYw,9
MzQ3Nzg5Mzg5MzYxOTIyNDIzOA==,9
Njg1OTY4NjExNTE0MTI2NDk4NQ==,9
LTU5MDA1MTk1ODM3NzI3MjUwNjk=,9
LTM4NDg5Mzg3MTc2OTE4OTczNzM=,9
MTM0NTMyMTg2ODU1MzQyNjYwOQ==,9
ODI2MDIzNTAyNjA4NzIyOTI2Ng==,9
LTI5MzA0MTY1ODg4ODUzMDE4MTg=,9
LTIxOTAzNDc3MDUxMzA5NjE1NTY=,9
LTM3Mzk1OTY0NjU4MzU0MDAyNjA=,9
LTg1NDc2NDI4NzM3NjkxNDI4MQ==,9
NDMzMDEwODEwNjkyNzM5NTczNA==,9
NjU4ODMzNDAyNDQzMzg1OTMxMg==,9
LTYwMzUyMDQyNjg3MDY3NDQ5Nzg=,9
LTcwMzMyODczNjUwNDYzNDg4ODc=,9
LTU2OTQwNjU2NjA3MTEwMTQ5MTE=,9
MjU2Mzk1MjEyMjU4NjY1MzA4Mg==,9
MzA5OTk1OTU1ODE2ODY4MTgxNQ==,9
MTgwNTU5MjUxNDczNDQyMDUyNw==,9
LTkwNzQxODg1NzAzMjA2NDM4OQ==,9
NjI2NjMzNjU3MTA0MDk2NDU2Mg==,9
LTU1MjUxMzQyNzQ2Mjk1MDIwMzA=,9
LTExOTU3OTgzNjUzMjAwNzYxMjk=,9
LTYwMzA3NjQyMDMyNTQ0ODE4MDU=,9
LTczMTY1NDI2NzI0MDM0ODQ3NQ==,9
NTI0NzAxMTc0MDYwNDA3NzUyNQ==,9
NTcwNDU5MzM3NDkzMzE4NTA0MA==,9
LTY0NDIzNjg0NjQ0MDMyMzk2OTY=,9
LTM5ODE5MTk5NzQ4NDE2NzMyOTE=,9
MzE0OTk4NzYwNTEyNTE2NjI2NQ==,9
LTEwMTI4NzAzODAyNDIxNDMyNDk=,9
MjMzMTY3NjkxMjgyNTIxOTgwMw==,9
NjUxNjQxNjY1Mzg3MDE0OTE2MA==,9
MTU5MzE1Mzc3NzY5NTE2NjQ2Nw==,9
LTc2ODY2MDI3ODcwMjkzMzg5MDM=,9
NDI2Njc0MTA5OTg3Mjk2MTA0Mg==,9
NDM1MjU5OTYwNzYzNTc2MjI4OA==,9
LTgxNzYyOTgzMTUyNDA5MzQ3NjU=,9
ODk0NzQ0ODEwNDg3NTI2MDUyMg==,9
NTE2NjE3MzA3MzA2ODQ0NDYzNw==,9
NTY2Mjc0MzMzMDg5MjY0NzU2Mg==,9
LTI0NDUxMjczMjEyMjkwODc4NDU=,9
MzA5MDk0Njc4NjM5Mzk2NjA5Mg==,9
LTI1Mjg2ODYzNzgzNTk0NDU0NjE=,9
NTc3NzE5MjI4NzYxMzAyMDA1MA==,9
LTQzMzQwOTY5MDc0MDkzNjU2NjM=,9
NTk3OTE3NDY4MTI2NzI3NjMw,9
MjMxNzk1OTA5ODg5ODA0MTM5MQ==,9
LTg4MzA3OTgyMTk1MDQzNDk2NDM=,9
LTQ2NzI2MTE1Mjg4OTM4NTQ5Nw==,9
LTM5OTEyODc5NzE2MTU4ODQwODY=,9
NjcxNjIyOTE1MDU5ODUxMTc1Mg==,9
MTI5MDYxODA2ODA5NTUwNDEwNw==,9
MzIzMTk5OTM4Njk4MzA3NzgwNA==,9
Njc3NzMyMTYyOTYyNjE1Nzk2NA==,9
OTk4ODg1MjExMDQyNzM5NDMz,9
MTU5MzcyNzI0MTM0ODM3MDExNA==,9
LTg0NDkyMzEyMTA3MjI2MDQ4,9
LTcyMjY1MzcxMDk4NTA0NTMyMDg=,9
LTM0OTQ4NzUxNTU3NTk3MzM0MDc=,9
LTQzODIzOTcyMzg5NzAwODk3MjY=,9
NjA0OTI1ODM0MTYwNjc1MjIxMg==,9
LTEyNTk3OTAyNTA5OTIyMjYyODQ=,9
LTQxMTMyNTAwNjQxODE5ODc1NDQ=,9
LTc0MzIzNjkxNTU2MDc2MjA3MjY=,9
MzE3MDUxODQxNTU4Njg2NjkwNA==,9
MTI5Njc3MDYzMjQxMDQxNjIwNw==,9
LTg1NjY0NDk2MDQzMDc2Njg4MzE=,9
LTM4OTc5NDAxNDA5MzU1Njc1,9
LTIxODM3MDUzMTg1MzQyMTYyMTM=,9
LTgyOTI3NDExNTQyNTA0NjIwMDU=,9
LTIwNTA3OTI3ODIyMzY4NzAxNTI=,9
LTIyNTMzMTY4MjY5NjA4MjI1MTA=,9
LTI1MDg1ODI5Njk0NTI4NTUwMzA=,9
LTY3MzE1Nzg0OTQ1MzcxMTU5OTY=,9
LTQ1Nzk0ODU5MDMyMzM5NDU1NzU=,9
LTM0MDEyMTAwNjQzODIxNTYzNjE=,9
LTc0MDk4NzgwOTkwNjcyNTQyMzc=,9
MTE0NjA4ODE1NTQ2NzYyNTAyNA==,9
NjIwMjMxOTk1MjkzMDcwMjU0MA==,9
ODg4MzU4Nzc4MDI4NTAyNjI1Nw==,9
LTY4Njg0ODUzODU4MzYwOTEwMjE=,9
LTEyMTAzMzMyNzY0NzE1MDExNTY=,9
NzkzNzU2NjY2Mjk1NzM0NjU1OA==,10
LTM4Nzk3MDk1MTY0MzcwMTAwMjM=,10
LTQ1Nzc3NjQ4MTg5OTIwMzYxMzM=,10
MjA0Mzk1Mzg1MzQ1MzEzMjYx,10
NDcwODg3Mjc5OTU4ODM0NjczNQ==,10
LTg5NTc1NjgzMzYzMzI3NjE5NzE=,10
LTU2MzQwMjI2OTk4NjUwNjI2MDE=,10
LTM2MzE0MzcxNDEzMDY3NjU0MDU=,10
LTUwOTk3MDg1OTAyMjk3NTc0OTA=,10
NjQ1NDAzOTUyOTY3MDEwOTY3OA==,10
LTM4NjM4MDc2NzYyMTUyNjUzMDU=,10
NzA4NDQ5MDQxODc2ODMwNTQ4MQ==,10
MzEwMTMwMDkwNjkyODIzOTkz,10
ODgwOTE4MzMyOTI3NTkxODQ1OA==,10
MTA0NzE4NzQxNTg1MDY0NDgzNg==,10
MzY4NTgyNjQ3MTA0OTQ5NDk2OA==,10
ODAwNjg4MjkwMDQzNDI0MjI3NQ==,10
NzkyOTYxNDA2OTU1NDQ5OTEy,10
ODY3MzAxNzM2Nzk4Mzg1MzI0MA==,10
LTY2MTI5NDgwNzE3NDM4MjQ2ODI=,10
ODQ5NDM5ODQxMDg1NTU3NDkzMA==,10
LTU5MTY5MTI5NjQ2MzI1MTk0OTU=,10
NDUyODExOTg4MjY2MzA4MTAxNQ==,10
Mjk2MzA4NDU3Mzg0MzE0NjYzNQ==,10
MjY1Njg3NTc3NzE1OTc1Mjg1Nw==,10
LTM0NTMyMzIyMDY4NjkwNTQzNTc=,10
ODIxMjAwODQ5Mjc0NTAzODY3OQ==,10
NTk0NDAzMzk1OTkzNzg3OTM4Nw==,10
LTQwOTc0MzcyNzcyMDQ1OTQ1NzU=,10
NjM3MTU0NTQ3MDM1ODk5Njc0Mw==,10
NTg0NzIxMDk3MjM3MDQyMjE2Mw==,10
LTUyNTU0OTQwMDMwMjc5NzMwMDI=,10
NDMzNjIzNzI2NDAzMDYyNzk1NA==,10
MjAwMDc1ODQyMDEyNzE4ODY3Nw==,10
MTczMDQwNDExMjMyMDcwOTExNg==,10
LTg3ODIwODE4NjE3NzY3MzQ1MTY=,10
MzgyMzEwMzQ5MzczNDY0MTE1OQ==,10
NDU3NzA2NDkwMDAzNzg0MzMyNw==,10
NzM4MjkwMzI4ODEwODA5NTczMA==,10
MzcxNDE0MTMxMDk0ODIwMjY1MA==,10
LTQyMTczNzQyMDIwNDIzMDEyMDE=,10
LTExMTQ2NjgxMzQwMzQ1NDk5Mzc=,10
LTc3NTMyODU1Mzg2NDA0NDg2ODk=,10
LTc5NzcyNzgxNTc0MDg0MjEyNzk=,10
LTEyMjU3ODcyNTc1MjY2NTE0NTg=,10
LTQyOTQ0NDA0NjEwMDE4NDQwNDM=,10
NzU3OTM0ODg5NDM4NDcwNjE3NQ==,10
LTkxMDc0MjU4MjU2ODIyNDU1MDE=,10
NDc1NTI3MzI2MDU2OTczNjk4MA==,10
NzcyMzQ5MjQwMDg0NDIzMTkzOQ==,10
MzE5MDc1NTYxMzExMjEwNjg5Nw==,10
MjQwMTgzNTUzNTk4ODYwMjU5Mg==,10
LTE2NDYwNDgwNTIwNzI0MTAzNA==,10
LTg5MzQ0NzM1MjA0MDQ2OTE0MjA=,10
MzYzMTI1NDAwMzY5Nzc5NTIyMQ==,10
LTE4MjQ4OTg0NjMyNTk5OTkyNzY=,10
LTgzODU1MjQzOTcxMDk5NzQ2ODg=,10
NjY4MjEwMDc3MjE1MjYxMzUzOQ==,10
LTg5ODQ2MzU1MTI0NjYwMjQ5NjM=,10
LTkxNzM2MDU5NjIyNzc5MTY4NjY=,10
MjA2OTU5Nzk3MDA3ODQ1NTg1Nw==,10
LTQ3NTk4ODEwNjk2NzY1NzEzOTQ=,10
LTYwMDUzNDg4NjcwMjU3NjYwNDI=,10
LTE4Nzk2NDgyNzYzMzU5NzYy,10
LTMwNTUwNDM3NTkzODA2MDE3MQ==,10
MjA4NzE1MDYxMTAwNTkwOTUwOA==,10
LTI2OTE4NzIzMzE4MjEzMjIyMDg=,10
MTk2Njc4NTE1NzczODQ1OTYzOQ==,10
LTUzNjY5NDg3ODA5MzE5NTMw,10
LTg4ODI5NDk0MjQzMjkzOTUxNjc=,10
MTg1OTE0ODE5MTYxMDgxNzY1Mw==,10
LTIyMjg4NzQzMTYzODI3NzgxMzg=,10
LTE0NzAzNzI0NzI1NTY2NjM5MzM=,10
LTgzMjI3NDI0ODMzMDQ4MDUwNTI=,10
LTMzMTc2MjI5OTE0MTYwMTEwNjk=,10
LTYzNTkxMzI5MTIzNDU5NDA1MDI=,10
NzY2NjE4NTMxMTM0NzM5NTUwOQ==,10
NDY5NDQ2NTYwNDA5NTUwMDQ5,10
LTgzMzY4NjE1NDcwMTc5NDE4MzE=,10
LTI2OTU4NjU2MDY3OTM0MjU2ODg=,10
LTM4MjE5NzA2MDgyODA0MzI4ODg=,10
LTQ3NjY2ODY5MTY5NjE3OTEzOTE=,10
LTI3OTA0NTA1MjQ5MTU0OTc4NTI=,10
LTI3NDEwOTk5MzQ2MjA1MDY0NzE=,10
LTQzMDMwODA1MDgyNzkwOTY2NDY=,10
MjQzMDExNTU4NjMzNzE2ODE0OQ==,10
NDA1NTgwMzgwNjI0MjU4MTczMw==,10
ODM4NDQ4OTMxMzUzMDUxMzI4NA==,10
LTI1MDQ5OTk2MTA0NjUxMDAxMzA=,10
MzMxNDkyNDMzMzQzNDcyMzM5OQ==,10
NTAxMjYzNDIwNDA1MTQ3ODE4MA==,10
MTAwMjYxNTAxMzg1MjI2MzE5OA==,10
NjY0MjY1MTI1ODc5OTE1MTEwMw==,10
NTc1MjczODU1Mjg5MDA2NTA1MQ==,10
LTgyODU2NDcwNDY4MDA0MzcxMjQ=,10
LTMwOTM4Njk0MjYxNDUxMDk5NzM=,10
Mjk3MjU0OTMwNDU0MDQ2OTIxMw==,10
NDM3OTMyNTU2Nzk0OTM1NjEwNw==,10
LTMxMTkwNzU4NzM5NzQ4MzQ2Njg=,10
LTc1MTExMzkxODk4NDA2Mjg1Mjc=,10
LTM5MDQ2Nzk0NTQ0NjU4ODkxOTU=,10
MTE5NDc1ODQxMTIzOTE1MDQ3Mw==,10
LTc4MjkyMzE0NTkyMzI4ODU1ODA=,10
LTE0ODE4Nzk5ODM0MjYxNDQ4MjI=,10
ODc1MzE5MzMxOTk5MzAwMTQ1,10
LTg1MzQ5MTcwNTk4MjA3MzMwMDU=,10
LTc2NjMxMDg3MDE4MjEzMDAzMTg=,10
NzgxOTkzMDExMzEwMTQ3MTI5OA==,10
LTE4Nzc2MTc3NzI5MTU3MjY1MA==,10
LTY3NDA1MzY1MDU0MjI4NDMxMDk=,10
LTQ2NjQ0MDY5MjY0NzU2OTgwMDY=,10
Njk3NjkxMTAyMzc5OTAwNDMwMg==,10
LTg5NzcxNDgxNjc5MDk1Mzc5Mzg=,10
LTcyMDA5ODcwNTc2Njg5MjQ0MjA=,10
ODQ5NzA0MTExOTI5NjExMjg5Mg==,10
LTgyNTc3NjQyMDM2Nzg0OTYwNzM=,10
LTI5MzY2NTI0MDExMjc2Mzg0ODI=,10
Njg2MjA5MDk5NjQ0NjQ2OTg3NQ==,10
MjUxNjQwMTA4MzQ0Mjg1MTk1,10
MTMyNzIyMjY5MzE1NzEyNjgzOA==,10
ODIwMzM3MDMzMDc2NTg5NjA3MA==,10
ODc0MjI1NjM3OTQ3NTM2MDUyMA==,10
LTU3ODc1Mjg0OTI2ODAyNjg2Mzc=,10
LTY3NzIxMTAyNzc3NjM5NzU4ODk=,10
NTQxODQxNjg3NjMwMDA0MTc2Mw==,10
LTUxOTY1ODQ0OTA0OTQzMjkwMTk=,10
LTkwMDQ0MDQ2NTg4NDk5MDIyNzU=,10
MzA2MDk5NTkxNDY3NTYxNDQ1MQ==,10
LTI2OTM1NDU1OTYyMTMxOTEyNA==,10
NjUxODU0NDkyNTMxNjIyOTEwMQ==,10
LTkxMTk5ODc5NjA5Njc2NTU2Mzg=,10
LTM5MTcxNzkwMzgzOTEyMDY0ODY=,10
NTY4OTkwMDEzMjI1MDk2OTI2Nw==,10
MzYwNTAyMjEwOTY2NTg4NDk1Nw==,10
NTE4MDI5Nzg1MTYyMDQ4MDU0OA==,10
LTQ5NDgxOTYwNjU2OTU4NzU2MDk=,10
ODc2MjQzMDY4ODI5NTQyMDU5NA==,10
LTE0NjIwMjc3NjQzNTI3MzA1ODY=,10
Mjc4ODA2NDk3NjYxMjEwODg2,10
NDQ2MzExODM0MTk0MjE3NzI1MA==,10
LTI0NDgwMjIzNjc4NjEwNDYyNzM=,10
NjcxNTUwMDQ4Njk0ODc4ODQ2NA==,10
NzUxMTQ3MDA4NTQzMjg5NDY3Mw==,10
LTM5NjU3MTc4MzkwOTYzMDgxODk=,10
MjM2NjczMDgzMDMyNzc0NDc4,10
ODMxMDExMjg5MjUwMjYwMzg3Nw==,10
ODI4ODU0MTMzODUwMDE4MDQ3OA==,10
LTE5Mjk2MTc2ODM2MjgyMTcxMDY=,10
ODIxNjAwNzIxMzE4MzM0MDgwMA==,10
OTA4Nzk2MTU2NjQ0ODcxMzE2OQ==,10
ODQ4NTY3NjIzNDExMjI0MTU4NQ==,10
Mzk0Mjg1MDA0MDg2MjIzMTY5,10
MTk0MzM4MjEzNTA3NDM1NjIzOQ==,10
MjUyMzU5MjM3NzM5NjkxMDQ1Nw==,10
LTU3OTk5OTMwOTUyMTgzNjcxNTE=,10
NTAxMTE0MjA1MTMyNjA0NDEzNA==,10
LTUwNzgyNjY2MjIyNDczNTA0MjQ=,10
LTQ4OTk1MjI3ODU1NjcxNjExNjI=,10
NzEzMDAyNTY1Mzk0NTEzODQyNg==,10
LTg0MDQxMzk3MzkzODk0OTkzMjI=,10
LTQyMjkzODk1NDU3MjkzOTUwMTA=,10
LTUwMzU4MTExNDg5MzMxNTgyODE=,10
MjY0MDkxODA0MjA5NDA5MDU1MA==,10
OTAzNTQwNDQxMjA2NTMzMjExNA==,10
NTQyMDU3NTUyNzg4MDA1Nzg5Mw==,10
NDc4OTI5MDQ3MDkzMTk3MTgwMA==,10
ODQ4Mzg1OTYwNzQ0MTAyNjQ2OA==,10
LTkxODI3MzE4NzI0NzI3NjUxNDQ=,10
LTcwODUwNDg4MDMwMzk2ODg0NDQ=,10
NzE1MzA4MTk2NTEzNTczNjgyMQ==,10
LTQ0MTczNjgxMTE5NTY1MzY4Ng==,10
NTYzMDc5Njk2NDc2MzYyMjI4OA==,10
NTQ5MTI5NzYyNDE4NDg2NDI0MA==,10
NjcwOTIzNTg3NzUwOTczNTI=,10
LTY1NTAxMjY0MTc4NDYyNTcyMjM=,10
MjkyNTU1MDU2MTAyNjYwNTg3Mw==,10
ODg1NzAwNjE4MDMxNzY3NTkzNg==,10
LTgyODYxNTA4MDU3MzAzOTA2MDU=,10
MjcyNDc2NzQ4NzAyNTM5NTAxMg==,10
LTQzMzY5NDUxMzYyMzI3OTQwNDI=,10
NjMyNTU2MjEzNDY0NDIyMTM3MA==,10
NTAwMjMyNjExOTE1OTcyNDM5NQ==,10
LTEzMzYwNDIwNTQxMzcyMTgxNw==,10
LTc5ODI2NjYxMzg5MzA0NDA1ODA=,10
MTc5NTUyMzY4OTQ4NzQzNTE3OA==,10
MTk3OTE4NjI2ODg4NjgzNjA2MA==,10
LTUyMTg5OTMyNDg4NTgwMDUxNjI=,10
LTIyMjUxNDY5NTM1NTQzMjI2NzY=,10
LTkwNTc4NDg4MzY3NjEyMTk3MjY=,10
LTYwNDI4MTQwMDIwMjI3MjkwMzA=,10
NDc2OTUzMjE3MTkzMTgxNzk0Nw==,10
LTYwNzA2MTg4NTMwMTUwNzg5OTg=,10
NjY3MDcwNjkzMzc3NzA0MDgyNA==,10
ODcwMTAzMjk5OTgxOTQ4NTA2NQ==,10
LTQxMzk4MTk1NDc0MjIxNjM4MDU=,10
NTAwODUzMzIyMzg2MzA0Nzc0OA==,10
MzYwNjY1NDY2NDE4MjMzOTY3Mw==,10
MzMwNjkxMzIzNDU5MDg2NzM0OA==,10
LTQzMTUxNzQxNjExMzA1NzQyNTQ=,10
LTE3NzAzOTI2NjY4ODQ4MTQyNDQ=,10
LTc4MTc1NTY3ODAwNzc3ODg1NjE=,10
NzEzMjA3Nzg2MzczMzk5ODQ2MQ==,10
NzUxODY5MjA5NTE3MzYwNzc2NA==,10
NzQyNjAxMzA0Njk4MjI5NzU1Mg==,10
MTIyNzA1Mzc2ODAxMzk2MzY0NQ==,10
LTg5NjcwMDE5MDIwNzk5NjI2OTY=,10
MTI3ODY3OTk2MDUzODY5OTUzNQ==,10
LTc3NjIxOTQ2Nzc2NDQ1MzUwNTU=,10
LTYzNjM3NDE1NjgzMDA4OTE2Nzk=,10
LTYwNzIxOTk3NjYwODk0ODE4Nzg=,10
NDYxNzM0ODE1NDAyMzE2NTIxMw==,10
LTgzMjYyNzUyNDM1NzY5ODUxNzA=,10
MjQwOTY3Mjg3ODI2ODg2ODYzOQ==,10
ODA3NjM3MTg3NDg3MTkwMDMyMw==,10
Njk2NjAxODkwMzkzMjQ1NTA4OA==,10
LTM3NjYyNTkwNjgwMjUwMTk5MDM=,10
MjAwMzgzNDExNjA5MzgwNTQxMw==,10
LTQ2NDg2NzczNTM0MzQ5OTMxNg==,10
LTIyMDMwMjI5NjY2NjAzMTM5OTg=,10
LTY2NDg5ODU3MDYzMDU4Njk3MTM=,10
LTIxNTQ0MzcwMzc3NDM4MzE2OTI=,10
LTIxODY5NDcyOTM0NzA1ODcwNjU=,10
LTI2Njg3MDIwMzY5MDE1NjA4Mzk=,10
Mjg5NzIxODEyMTU4OTA4MjA3Mg==,10
NjcxNTQ2MjM1MzkxMDA2MTU4NA==,10
LTQwMTI1NTA0NjU4MzgwODYwNzA=,10
NDI5ODI0ODcxMTkwNTE3OTQ2NQ==,10
ODkwODUxNjMwNDczMDczMDU0MQ==,10
LTc1MjY2NDA1NTIwMzAzOTIyNTU=,10
MzQ5MzI2NTU5MzY2MzIwOTU1Nw==,10
LTc0NzI1MDk2MTM4MjQzNjc5NDA=,10
ODg1NjgyOTQzNTk5NDYwMzExNQ==,10
NjAzODY5NTkyMTkzMTEzMjE5Nw==,10
NzA4NTk5MTM2MjUwMjk0NDQ1NQ==,10
MjQ2MjYzMzcxMTczNjI5OTQ3MA==,10
MTUwNTM2OTIzNTYwNjk2NjU4Ng==,10
NTUxNDM4ODg1NzczMTQ1MDk4Nw==,10
Nzk1NzU4MDQ0MDUxMjM3MDk4OA==,10
LTQxNTk5Mjc1NDg4OTUyNzMzNzc=,10
LTc4MTYwODM0NDE5NTk5MTc2MTc=,10
MjcwOTE2NjYxMTE2MTk1Mjk3,10
LTI5NTUxOTc3NTA4NTUyOTQzMDQ=,10
LTE2NTcyOTcwMjg2Mjc0MTk4MDc=,10
MzIxMDUzNjcyNDA3OTQ4ODUzMg==,10
LTMxNDEwMDM5OTA2Mzk3NzUxMTQ=,10
LTMzMzg3NTQyNjU1ODUxMTc0NzA=,10
LTQyNTU3NDA4NDkwNjkxNjcwMTg=,10
LTc1NDg1MDgxNzM1NzQ1NDMwNDk=,10
LTE4NDA5Nzk0MDcyMzEzNDgxMTU=,10
LTQzMDk3ODcxNTk3OTMzNjM0Nzc=,10
ODU4NDcxNTgzNjAwNTAxNzYxOQ==,10
LTExOTA2ODczNDkwOTEwNDQ3MzU=,10
NDgyNDUzMDg5MzAzOTk0NjM2Mw==,10
LTMyNTk2NzQ0NjU1MzI0MDU0NDI=,10
NzQ5NTU5NTczOTk5MjE4Nzg2Nw==,10
NjQ2NDU1NjE2Mjk3Mjg3NDMwOA==,10
LTE2NTI5MjgwMzU2MjM2NzYy,10
LTMyNTUzNDU1ODA5ODc3Mzg5OTk=,10
NjExNjM5NDc4MjA5NTAxNjQ1Nw==,10
LTU4NTczNjQyNDUyNjQ1NzY4MDY=,10
LTYwMzU0MzEwMTc1NzI5MTg2MDQ=,10
MzQzNjI4NzUxNzQzMTk4NTQ3NQ==,10
NDc0MDk0MzQ0MjIxMTY4MTM1Ng==,10
MjEyMjg0MTM0MDYxNDc0OTI1Mw==,10
LTgzOTQ3MDIxMzIyMTI4NjQ3ODI=,10
LTk2MTg0NjIwNDMyMzU2Mzc5Mw==,10
NzMzMjMwODA4MTkzOTIzODY0OQ==,10
MzQwODY2ODQ5Mjc0MDU0NzE3NA==,10
LTY0MDczNTkxNjk5ODg5OTE5NTE=,10
LTE5Njg2OTk1MzA2NDg5NDE2NDk=,10
MTM2OTg5NjYyMDMwMTI3MzIwNg==,10
NTYwNjA1NDMwMjExMDA0NTkyMA==,10
ODE3NzEzNTQwNDYxNTg5MTYxOA==,10
MzYwNDkzNDE1MDcxNTk3NjI0OQ==,10
LTMxMTEzMjA5NjM4MDIwODk0NzQ=,10
LTcxNjIxNTM4ODAyNzM3MTE3Mg==,10
ODk5OTUzNDI1NTI4MzE2MzI5MQ==,10
LTgxNDQ0MDQzNzA2OTU5NTgyMzY=,10
LTE3MTc1MDQyMDU2MDcxNzA2MDI=,10
LTMxOTMwMjE2MjQ5NTc1MjY5MzQ=,10
LTU1NDA5MjQ5ODQzMTUyNDExMjY=,10
LTc0NjE1OTU4MjgwMzM5NDU2Mzg=,10
NDAwMDA0NzM5MjcwOTg5NTk2MA==,10
MTIzMTE0MjgzMDYyNjUxNzY0,10
LTY0MDExMjM1NjQwMjkxMDc0MzM=,10
LTEyMjkyOTI0OTA5NTk3Mjk3MTg=,10
LTQ2NzgxMjcwNDEyMTI3MTgxMjg=,10
ODk5ODI5NTcxMjAxMDU4NTgzNA==,10
Nzg0NTM4MDI2OTgyNzQ4MjA2Nw==,10
LTc3NjM0NzIyNDU1Mjg4NzA1MDU=,10
ODI0NDA4NzMzNzY1NzU4Mjc1Mg==,10
ODAzOTQzODU0ODUwNjY4ODE0Ng==,10
LTcwOTA2NTgwNTcxNTk4NjQwMTM=,10
MTgxMTYzMjAyODIwODMwNzYzOQ==,10
NTI2NzcyMDE3Mzk1OTIwODkx,10
Nzc3OTg0NTc5OTY3NDU5MTIwMQ==,10
MzE2ODI5MjgwOTM3NzY0NjQyMw==,10
NjAxNDM0MDI5MDQwNjU1MTIxMg==,10
LTUzNDI1NTI5NTg5NjQ4ODYwNjA=,10
MjY1MjE2NjA4ODU3ODE3NTkwMA==,10
LTI5NDI4NDIyMzEzMDY5OTc2NjM=,10
ODIxMjE3NDI2Mjc3NjQzODE2OQ==,10
LTcxNzg3ODg5NTAzMDY3MTI0OTM=,10
ODE1OTkxNDQxMTYwNjc0NzYwNg==,10
Mzc4MTM5NTMxNTE2OTczOTM5MQ==,10
LTYzNDEwODA4Mjc2NTI1ODM3MzI=,10
LTE3NzA4NTQ5ODA5Mzg1NDk0ODA=,10
ODY0MDQ5NTc0NjEyNTg3MTQ5OQ==,10
NDEzNjQxMDI2MTUxMTU3NjU0MA==,10
LTQ0NTg4MDY0MTU0NTQ5MDk4NDg=,10
MjgxOTc5OTc3MjAxNjI4ODEwMQ==,10
LTIxNDk0MTI4ODYxMDczMjQ3Njk=,10
MzAxOTUwOTU4MTExNjMxNTE4OQ==,10
MzU3ODAwNDQ5MjY2NzY4NDQ1NQ==,10
LTI1MTQyNjcxNjU5NzYwOTYzODY=,10
LTIxODUxODc3Nzg1NjYwNjk1MTc=,10
LTE3NjM1ODQ4NzkxNzA2MzgyMDU=,10
LTcxMjE5MTUwODIwNjE5OTEzNjQ=,10
MzU4NDI3ODMwNzMxOTgzMDM1,10
LTQzNDc3MjgwNjQzNTEzMDg1Mzk=,10
LTc5MjQwODgzMDMwMzM5Njk0NTY=,10
NzM5NjgzNzczMjg1NzkzMjEzNA==,10
LTI4OTQ5ODk1NDUzMTk1NDcwNTM=,10
LTIyOTA1OTUwMjQxNzM5MDIzMzQ=,10
LTk5NzEyNjEzOTA5OTExNDQ5Nw==,10
LTc0MTE0MzU5NDE1MTE1NTk2Nzc=,10
LTE3MTU1ODUyMjc5MTg2MjE3MTY=,10
OTAxMzUxODEyMjI1NzYyNTIy,10
LTY1NzE0NzYxOTMyNjM0Nzc3NzI=,10
NzQyODA2OTA1NDgzNzMzMTYzNQ==,10
LTYyODI4MTQxNTEwMjg4NjI3NDE=,10
LTg5MzA3OTA4NTU0NjgzMjczMzk=,10
LTIzNDQwNTk0ODY4NjIxNTE5MzQ=,10
LTYyNDkwMzcwMTk2MTc3NzY2Mw==,10
LTg5MDUxNDIxMzM5NjcyMDg4Mw==,10
NjQyMDIzNTkzMDM1ODAxNTQy,10
LTk4MzU1NjMyMzEwNjgwOTY2Mg==,10
MTg0NzU3NjgxNTc3MDk1NjE5Mw==,10
LTgzMTI5MTgwODI1NDg0MzI5MzA=,10
LTgzNzA5OTQ3NTIyMzk2NjY2OTI=,10
LTIxNTk1ODEyODk3NTY5NzIwNDE=,10
NDgxNDY1MTkxMTA3ODUxNzA2MQ==,10
MjQ3OTM5MjU1MTU4MTAyOTU4OQ==,10
NDk0OTc2NDgyMTgwMTQ2NzM1MA==,10
NzYyNDg1MDc2ODQ5OTYzNzc4MA==,10
MjcyNzM0MDY5MTI3NTg2ODEwNA==,10
NzQxOTAxNTUyOTAwOTA4MjE0OQ==,10
LTQzOTg4NTI3MzczODE4NTc4NDY=,10
LTYzMTg2NzM4MzQ1NjA1NzA3MjY=,10
LTY2NTEzNjU5NDg5Mjc1NTYwNQ==,10
ODM3ODk4MDczMTc1ODI0NjYzNg==,10
LTIxOTY3Mjc1MzAyOTI4MDc4NDc=,10
LTg4NjA1NjAxNjM0MTk2MjQ2NTk=,10
LTg2NzY3MDI3NTI1MTA1NzA5NjM=,10
LTU0MzkwNTM1NjAwNDMzMDE2NDY=,10
NjAwMjM5NTMxMzg5NDE2MTcx,10
Njg3NzI1MTAxMTg5NTA2MzY1Mw==,10
LTgxMjI1NTI3MTYzNjk3OTM4MjE=,10
LTYzNDcwMDM4NTQzODQ2Nzg5MzA=,10
NTg2MTIyMzY2ODIxMDI2NDMwMg==,10
Mzg1NTE0NTE4NTk5ODUzODMwOA==,10
NDAwMTg4MTU1MTI4MTIzNTUwNg==,10
LTUxMzU0OTA2Njk2NTc3Nzg3MTk=,10
NDE2Nzk3NzA0Mzc0MTQ3NTM5,10
LTg1NDMyNzI3NDUyNzY1NDc3NTU=,10
LTU4MzQ5MjMxNzYxMzQyOTYzODI=,10
NzI0NTA5NDkyOTY1MjU0MDAwNQ==,10
OTE4MDQ2MDQzMjIzOTM5ODIw,10
NDYxMjcxMTMwOTcxMjQ5Njc1Mg==,10
LTU2ODQ2MTI4NTIxNzAxMjA1MDk=,10
LTUzODY1NDgyOTg4NzIzMzI3MzE=,10
NDYyMzQ2MzE0NjEyMzE3NjQyOA==,10
LTcxODgyMDYwMDgyMTA3OTUzODk=,10
MjcxODQ0Mjg1OTEyNDI3NTA5Ng==,10
NjMzMDM3ODU5NTcwMDM3MjYwOQ==,10
LTEzODExMzg2ODgxMTI0NjAxMjc=,10
LTI1NjE2NzYxMDQyOTI3NTI2MDE=,10
ODc2MTU3NDM0NTk4NTQzMTI0MA==,10
LTY3ODQ4NjI1MTg1MDkwMDE1NTg=,10
LTUzMjg1Mjg4MzgyNDc1OTAxMTk=,10
NjEyODA0MTI2OTcxMjU5Njk2NQ==,10
LTI4Mzc0NDc5OTI2MjcwMzgyNDc=,10
NTgzNDIzNTgxODk3NDA1ODA2MA==,10
LTE3Mzc2NTQxNTY2NjgxNjY2MjU=,10
LTkwMzMyOTA5NDQ4Mzk2MTg2MTM=,10
LTU0NzYzNTEzNDE3MjE5MjYwNg==,10
ODE3NjgzNjQ2NjU3MTYwNDA2Nw==,10
LTk2OTY3NjU2OTAwOTA0NDE4NQ==,10
LTYyODMyODU3ODc5MTkzNTI2NTY=,10
LTMwMjMxODAxODk0NzUyOTYwODE=,10
LTM4ODM4NDM1Nzg1OTEyMjY3OA==,10
MzYwNjk0NzQ4NzI4Mzc2MjkyNg==,10
LTY4NTg4OTQxMTMxMTM3NjE3Mjg=,10
LTU4Njc3NDI4MDk1NDY4NTU5OTA=,10
LTgzMTc4OTI0NjAyNjYxNjQ0Nzk=,10
NTEzNjQyMTI3Nzk1NTg5NjU3NA==,10
LTM4Mzg3MzE2MjU0MzE3NjE0ODg=,10
LTUzNDEwNjY0MDk3NzE2MDgzOA==,10
NTU5ODIyMDA4MzYzOTk0OTc0NA==,10
NzkxNjYxMTY1MTI3NzczMTA0NQ==,10
OTc4OTg4MzIzNjg4MzAxODM4,10
LTc5ODM4NzMyMjYzNTY5NjkyMTA=,10
NDk2MTc0Mjg3NTIyMDAxNDk3OQ==,10
LTg1OTM5MzI1MTk2MzkzMTU3NTY=,10
LTc2ODEwNjY3NDkzNDc4MTQ3OTA=,10
LTY1NzIwMTk4NTI5MjQyOTM1MzE=,10
NTgyOTEzNjM0MjczNDk5Njc4Mg==,10
LTI0MDYzNjc0MDYzODIzNjEzMTA=,10
LTUyMDQ1NTYwMzUyNzkwMTI3OTM=,10
LTE0ODczNzQ4NjcwNTUzNTE0MjU=,10
LTg2MjY3Njc2MTc2ODAyNTc4NTY=,10
MTc1NjM2MDg1MzY3ODk0NzY4NA==,10
LTY5MTIzMjc1NDY4OTAyNDgyNjQ=,10
Mzk5OTM2OTYzMTMyMzU0MTM=,10
LTI4MjIyMjk2MDI4Mjg4NDgyNQ==,10
NTIwNDg1MzczNzgyMTc5NjY0Ng==,10
NDc3ODIwOTc4NDExNDkwMDc5NQ==,10
LTE5NTI5MTgyNzg3MzQ3MjQ5MDE=,10
LTcyMjIyMDA4NDc5MzM5MzE3MTg=,10
Njc5MDg4NjQyMTM5MTQyNjU2MA==,10
LTI1MzUwMDAzNzE5Mjk0MjAzNjE=,10
LTM1OTAzOTI3MjY4NzM1ODMzMDQ=,10
NzYyNTMyOTU1MDg4NjEzMTk3OA==,10
LTgzODExMDQ5MjU2MDM2NjczNTc=,10
LTEwMjgzOTQ2ODIzODA3ODM3Mjk=,10
NTIwMjk2NjAzNjgwNjA5NDg5OA==,10
LTE3NzI5ODA5Njc3MDIyMzI1NTk=,10
NTM4NzU4ODQ5Mzk4NjE4ODAzNA==,10
NjY5MzQyMzQ4MzA3ODQxMDEwMA==,10
LTE1OTAyMDgwNTM1MzY1NjYyMDY=,10
MzMyNjA3NzU3OTA4MDg2NDMzMA==,10
NjY0MTUzMzU3NTg0MzExNDUzOQ==,10
LTUyMDIwMDkwMTE3Njk1NDgwOTQ=,10
LTMxNzQwNTgxMjc3MDY0ODk1Mzg=,10
LTgwNzQzNDY1NTQwNDk0MTUyNTk=,10
NDc1NjQ5NjM1Njg0NTIwNDE2,10
NjMxNjk2MzA4ODU3MzUzMTUyMQ==,10
MzE1OTUxNTYyMjg0MTc3NjE1Ng==,10
LTI3NzgwNDQyMzQxNjMwNjY1NzQ=,10
LTkwMzIwOTM1OTEwMjI1Nzk1MTM=,10
ODg2MDM5OTQzODgxMzEzMzczOQ==,10
NTg0NDI1MzEyOTU0MzQwMjgxNw==,10
LTU5MDgzODA2MTQ4NzU0MjY3OTA=,10
NTcyNDI2MjA3MjgzMTI2MzUyMQ==,10
LTM5NTg2MjYzODgzMTE1MjMyOTE=,10
LTcyMTQ5NjAxNDIxMDM0NjEwMjc=,10
LTE0ODgyODY1OTA0NDMxNTYwMTU=,10
ODkxNjMwMTIwNjk3MzAxMjAwMQ==,10
NzA4MjQ5MDc4NDgwNjIxNzk4Mg==,10
NDY1NzU1NzIxNTkyMDk1Njc5OQ==,10
LTUwMzk5NTEyNDM2NTE4MzAzMTA=,10
LTE0OTY3NzY4MTgyNzA5NTg1MjA=,10
LTQ1NTUwMTEzNjgxODkyNzI4NjE=,10
LTIwOTE3MTE4ODkxOTg4NzE0NjE=,10
MzIzOTQ1MDQ2MDU2NjI3Nzk3Ng==,10
LTEyNjMxMjU4ODMyMTY4NTI1MDE=,10
LTI5MzQ1ODM1NjkzMDM5NzA2OQ==,10
NTIxMjIxNjQ4MDUxMDk3NDM4OA==,10
MTc1OTA4OTk0Mjk3Mjk2NjQ4Nw==,10
LTY4NTEzNTk5MjE5MzIxNzgyMjE=,10
NTEyMTY0OTY3Mzk2NDUzNTcxNg==,10
LTY1MzEwNDY4ODIxMjg3MDI4Mw==,10
NTA1NTA0OTQ1NDcxMjc4MTE4Mg==,10
LTQ0MzcyOTc2ODQ5NDU0Nzg=,10
MjUzOTAxMjk5OTg0NTc4OTc1Nw==,10
LTY3MjE0NDAxNzg1MDc4MTc1NzU=,10
LTgwNDI5NzM0MzA4NDg1ODk5NTY=,10
LTU4MTY0NjQ5NzU2ODE5MTQ0NDc=,10
MjI4MDY5Mzc4MDc3Mjc2ODM1NQ==,10
LTkwMjg4MTY1MzE1MzU1OTM1ODg=,10
LTU1NDU5MTg2NDM2MTc3MDE4NDY=,10
LTQ4NzcyMjY1MDc0OTI0Mjg3NDU=,10
LTM1MjMzOTcyOTIwOTM2NzY3MzI=,10
NzIxNTk3NTYwMTc4MTQxNzg5MA==,10
NDk5NjkyODk5MzA1NzM3MDI0,10
MTA3MTcxMzY3NzI2NDA1NTI1MA==,10
ODY0NzY5MzI5MDIxNDE0Mjg1MA==,10
ODY1NTM1MzY0ODgzNzc3MzQ2Mw==,10
LTIzOTU3MjM1ODU2NDU4OTU4NA==,10
NzA1MzA2MjIyMjE2NzczMTEwMw==,10
LTM5Nzk0ODczMjk4MDYwNjI5NDg=,10
MzY3ODk1NTAzMTY3Mjk4NzgxNA==,10
LTEyNzE5ODc0NjU2NzI3NDMyNg==,10
LTY1NjQ5NDU3NzMwNzQwNTIxOTA=,10
NTYxOTc3NDU0NTk2ODEzMjM1MA==,10
LTE0MjY0MjA5ODUzNDc5ODYwMDc=,10
LTQ1Njk0NjEwMTYyMTcxMzY3MzI=,10
MzgyNTc1Mjc5Njk5Njg1MjExOA==,10
NDEzMTExMjYxNzIwODc5MTk4Ng==,10
MTI2OTcwMTM0NzEzMTQzNjQwNw==,10
MTM0MjQ5NTc1MTM5MTY0NzQ2Mg==,10
MzI5ODA2MjI1MTQwNTQ5NzE2Ng==,10
LTgxMDU1MTgyMzg3MDg0ODA1MzE=,10
MTYzNTQ2Mzg0MDU2OTUzNDY1Mg==,10
LTc1ODgwOTUyMjk0MTYxOTg0NTg=,10
NzA5OTIwOTUyMTE0NjI0NzI4NQ==,10
NDY4OTAyMDU2OTUwMTI0NzE2Nw==,10
LTM3MDI2NjM1OTg2MDcyNzQ5MDE=,10
LTQxMTgzODI2MDgzNDA4NjExMzc=,10
LTg1ODA1OTY5OTQ2MDU0MjIzMDc=,10
NDY3MTkyNjc5NjcxMDY2ODIwNg==,11
LTc2NDM4NzYxMTA4NjU3MDYxMjQ=,11
Mjc0NDg4NDQ5ODQxMzY2ODM5OQ==,11
MzE4NDg4Mzk2NjQyMzY5NDIxMQ==,11
LTIxNTI5NjQyMzU2MzQyMjAyOTE=,11
LTQ1NDA5NjMyMzcxNDY1NzQwOTY=,11
MzIyMDg1Mjc1NDU4NDA5MzUxNQ==,11
NDgwMTk5Mjg0MjAxODU3MjY4Nw==,11
NDExNTA5MDI2NDc1NTY0ODQ4Mw==,11
NzU0OTIyMTQ0MjQxNTExMjMzNg==,11
LTc5ODA5ODcwNjM1NTc5ODI5MDQ=,11
MjI3MzY2ODk5ODc4MjQ2NzE0MA==,11
NDg3MjUzMTU1NDkzOTU1MDczNA==,11
NDcyODkwMzQzMjM0MDc2NDczNQ==,11
MTY5NzczNzQ4NzgwMDE3NTM4MQ==,11
NjY3MTQyMzU5MTY1NTA1ODgwNg==,11
LTMwMTA3Njg2MDM1ODc0MzI4NzY=,11
NTEyMjE5ODM2NDU4NTgzMjE3NQ==,11
LTY2MzQ5NTgyNzkzODAwNDEyNw==,11
LTM1NzU2NDk0OTI3NTM2MjYzNzI=,11
Mzk3ODE1OTYxNjQwNDg2NjcwMQ==,11
LTQ3NTU5Nzg0MDAzMjQ2NTA1MQ==,11
NjgyNjE0NDU1OTkwMTE1ODE3,11
LTgxMDQ2OTk4NzkxMDU0NDA5Mjk=,11
NTk4OTkzNDI2MTM1OTIyNjMyMw==,11
NTUzNDE3NDU5MDE0OTA1MzkxMQ==,11
LTg2MTk4MTgzNzA2MDI4MjkyMTU=,11
LTg5NDc2NjE2NTY3ODcwNjQ5Nzg=,11
NDU4MjQzOTQ4MDIyNTk2NTA3Mg==,11
NTk5NTExMzg5MDU4MDMyOTQ2Mw==,11
LTI0NDY5NDMyNDY2NzQ0MTc5MQ==,11
LTQyODYyOTg2MjUxNDI5NTUwOTA=,11
LTM2MDYyNjgxNjc4NDA4MTU4MTk=,11
LTg5MjM0NjA2MjkwNjA1Nzc5Njk=,11
LTQ0NTE1Njk3MzQwMDQ0MjQyNTk=,11
MzI1MTcyMzcyMjg4ODIxNjMxOA==,11
NzAyNjA2NDM1NTExMDUxMDc1NQ==,11
MjA3OTg3NDkwNDgzNjI3Njgw,11
Mjc3OTM1NTgxNDk3NDA3ODU1OQ==,11
LTY1MzQyODg0ODM4NDU2NjY4ODM=,11
Nzg3MDI2MzkzNTU5MzczMTc2Mw==,11
ODIzMzUxNzMwNDUzNzE1NjY3Nw==,11
LTE5MzQyMzYzNjEwMDQ5NzkzMDc=,11
LTU3Mjk1MjE4MDgwMzg5OTE2OTU=,11
LTI3NTE5NjA0MzI3NTg4MzQ1MzM=,11
LTIyMjIxNTI3MjQxNDQyNzU3NjA=,11
LTQyODUwOTY1Mjc5Mjc2NTM3NzE=,11
LTc0NDk3MTk5MjgyMDIwOTM1OTM=,11
OTE0Mjc0MjMyNTc0ODkzMTQ2,11
NjMxOTUyNTIzODczOTUwNDEzMQ==,11
Njk5MDIxNjAxNDQ2OTIxMjc2Nw==,11
MzQ0MzM3NTAxMDg5NDQ3MzgwMA==,11
MjEyMTA3NjY4NzUyNTY0OTQ3MQ==,11
LTc4NjI3MzU5Nzk3ODI4ODM1NzY=,11
NTEyNDU5OTUwOTA0NTU1NDE5OA==,11
MTg1MjM5NTkwNDQ1OTcxNDM2OQ==,11
LTg4NDkzNDA2NTYwNjIwOTcxMjE=,11
LTE3MTk0NTQ3OTAwNTU2NjUyMzU=,11
NzA2NDUzMDE5NjE5NTc2NDkzMg==,11
NDcwNzY0ODYwOTMyNzA0NTU4Nw==,11
NDg1NTgyNjU5ODUyODgwOTcyNA==,11
LTQxODgwNzM4Nzg1NzE3OTQ4MTE=,11
MzA2MjQyMDY0NTc3NTM1MTMyNA==,11
ODk4NzgyODEwNzUzNTY0NDczMw==,11
ODgzMjQ0Mzg5MDI0NTY2NDMyNg==,11
NDM0MzQ2MTYzMzM0NzY5ODU0MQ==,11
LTgxODM5MTU1NTk1MjYxNTgyNzM=,11
LTg5NTg5Mjg4MDk5MjU0MzUwNzg=,11
NzEwMDg4ODQ0NzY5NjE0MzQ2OA==,11
LTYzNzk0OTM1NjA4NjI0NDczMTI=,11
NjM0MjUxNjk2NTAxMTY2ODg0NQ==,11
LTY5MTc4NzM3NjA5ODI1NzYxMTg=,11
MzQ2NjU0NDc4MDU3Mzg5ODg5MA==,11
ODAzMzU2OTMzNjc5Nzk2ODcyNw==,11
LTMyNTE4OTM4ODU4OTQ3ODM5Njc=,11
LTQ5MjE4NDI4ODQxNzE4MzMzMDA=,11
LTIzNTk3Mzg4MTU3NjU2NDgzODI=,11
NDM2NjMyMTMyODQxODk0NDkxOA==,11
LTU1NjEwMjE3OTgyNzE5OTU0NjM=,11
NTEyMDU3MjgyNTc4OTYzOTg0MA==,11
MjE5NjAwNjMyNzAzMzk4OTYxNg==,11
LTg5MjE1ODQyMzUyMzQ0NTE5NjM=,11
NTY0NjQyMTg0MDQzMzIwMTc4Nw==,11
MjAzNjcwMjU4OTAwMTk1MDgxMQ==,11
NzgwMDk3NzQ3MzAyNzU0MDkyMg==,11
ODY2NTg3OTU0Njc3NjY0ODYzOA==,11
LTQ2MDc1Njk4ODk0NDk3OTIxMjc=,11
MTY3NDM3NzA0MzE5NDkzODM2OQ==,11
LTgxMjkxNTM2ODUyNzc0MjMwOTc=,11
NjAwMTM3MTE2NDI2NjY5NDQxMA==,11
LTUxMjM3NTgwMTAyOTIyNDM0NTg=,11
NzgxNjcyOTAwMjYxNDQ2ODkzNg==,11
LTM2MzQ0NzY0NzU0MzExNjY3ODI=,11
MTEyMjAzNjY3Njg0MDg4ODYyOA==,11
MjAyNTQ5NzIxMzg5NDI2NzYzOA==,11
MTc3NTE5OTI4NDE3NTgwMDkyNg==,11
MzU1Mjc2MjM2NzAzMjI2Njc4OQ==,11
MzA3NTY2NTYwNzM4MjAwMTc3OQ==,11
LTE0MDY5MDc3NjkyNTg3MjkzNzg=,11
ODQwODA0NjE2MDM3NTQ3NDQ5Ng==,11
NzM1MTcwMjc5NTk0NTAyODIyNw==,11
LTY0NzU3Nzc0MzcyMzc5MTk3MTA=,11
LTM1NDg5NDAyNjc0NjYwNDcyOTc=,11
LTc1MTM2OTE1NTA2MzU5NTkxNjU=,11
NjI5MTU2MjQ5NTYyMjEwNjY0OQ==,11
LTg3NzMyODAxOTk2MzIzMTk0NjI=,11
ODU4MzkyMTc3ODg2NDY0MTU2Mw==,11
LTY5MDMwMDA0NDMwMTc4ODQ2NTk=,11
NjE0NjIyMDExNDM0Nzg2OTUyMQ==,11
LTc2ODQwNzE5Mzg3MDU0MjMwMjE=,11
LTUyNDE0NDczODE0MDMzNjcyOTI=,11
LTgxOTgwNjIwNTczODk0Mzg3MA==,11
LTc1NzEyNjIwNTkzOTQ4MDk5ODE=,11
LTQzNTc5MjIxMTU4MDgwNDMyMQ==,11
LTgyNjUxMzE4ODAwMDM0MTYzMzk=,11
NzAxMDQwMDE3MDY0NTkxMjY4NA==,11
NzQ1MjcxMjIzMzg4MTg2MTg3NA==,11
LTE5OTYzMjM0OTg3MTA0NTYxMDk=,11
LTU2OTAxNDM5MzQ0NzUwMTcwMg==,11
LTQ2MTQ5MzA3MDY2NjExNDk4NTY=,11
NjUwMzI0NzY2MTUxNzAxMDI3NQ==,11
LTI1NzY5MTM0NDY4NzUwODM3MTg=,11
NTIxMjA0NTc4NzQxNTU5Mjk2OQ==,11
NjM2NDMzMDQ1MDUzMDUwMTQxOQ==,11
MTM5OTkwMjI3MzU2MDM0OTEyMA==,11
LTQ2ODk1NjI0NzY4NjY0MTkxNTM=,11
NDAxMjQ4OTE2NjU2MTg3MTQxOQ==,11
ODMzNDU5MzExMjc2MjU3MDI4Ng==,11
LTU3NDYxODI0MjY4OTkwNzQzMQ==,11
MTE1NzI5MjQyOTIxMjQ5NDcyMg==,11
LTE3ODIyNzY3Nzg4MjYwMjEyMDk=,11
LTEyNzk1MTEzNTE2MTkwMjcwNzc=,11
LTg3NDE2NDc5NTUyMTU5NDg3NTE=,11
LTEzODEwNzcyOTYxODUzMDY1Nzg=,11
LTI1ODIwMzgxMTA3NzI0ODk1NDA=,11
MzY2ODgzNTg5MTk5Nzc1MTk5NQ==,11
MzY5MzU2NDMwNjkxODkxMjQ4OA==,11
LTMzODkwMDY5MjMxMDA0NjA2NTk=,11
NTM1OTQ2NjQzODY3NzA5NTA1NA==,11
LTI4MjY3MzA2NTY0NDkyMzU0Mjk=,11
LTg4ODI0MjYyMzgyODQ0NTMwMjM=,11
NzM1NDk2NzMzMDE4Nzc1NTA3MA==,11
LTQyNjI4MzUzMTg4MDM4NDY4ODI=,11
ODg3MzQyMTYwNTA0NTc2NDM5,11
Njg4MzkyOTg1NDEzMTg1MTQyOA==,11
LTg3MDIwOTY0MTA5NzcxMTIzNzA=,11
MjM4NDc5OTI3MTA0MDgwMjkxMg==,11
LTczODczMjA4MTk2NTI5ODU5MzI=,11
LTg4MjYwMDczNDgwNTYzMjI0Mzk=,11
LTc1NDg2MzE3MzU1NjA1NzM5Njk=,11
LTg1MDQ0NzA4MTM4ODk5OTQ0MTI=,11
NTE4ODIzMzA1OTgyNDIxOTE2MQ==,11
LTI2MDEzNzA4NzEyNjc4OTMzNjU=,11
ODAxNTk5MjE3Njc0MTU2NDQ3,11
ODMyOTEyOTYyODU1NDY3NjM2NA==,11
LTE1MDE2MzExNzE3OTA5MjIyMzc=,11
NTYwNjY0NDM3MDE2NDI1MzU0Mg==,11
LTU3Mzc0MDA4NTY0NTg2MzgwMDI=,11
MjYwOTI3OTMzMzA2OTY2OTc3MA==,11
LTg3MjY4OTg2NjY0OTgwNjYzMTc=,11
LTQ2OTE0NTE3MTQ2ODY4NzIyOTU=,11
LTI2OTE0NTIzMzY2MzczMzEzNjE=,11
NjQyODIzNTQwOTAyNjY5ODgxOQ==,11
Mjg3Mzg4MzgzMjE2NzE1NTYzMg==,11
LTg4MzE5ODA0MjAyNTIzNDczNTk=,11
Mjk1NzI3MjE4NTYwNzYzNDIzNw==,11
LTU3NjIxMTMzNDU2ODE2MDcwNTM=,11
LTM0ODcyNjY1MTg3NTg0NzgwMjc=,11
MTYxMzY5MjEwMDcwNjMwOTE5NQ==,11
Nzc4NTY0NjU3MDQ2NDEyODM3,11
LTQ5NjI3OTM1MDYxODU4MDI2Mzg=,11
LTEzMjY3OTA2MjY4ODkzMzQ3Mjg=,11
LTU5MjYyNDI2NzMwMzE4MTc5NjI=,11
LTYzOTEyMTI3NTkzNTY3MjIyMw==,11
ODY1MjQ3NTI0NjUwOTIwNzIzMA==,11
NTAwMjIwNzY3MjQxNTkwOTUxNg==,11
MjAwMjE0ODk0MzA4NDY0NjkzMA==,11
LTY0MDI3NTE3ODI3NDk3NzE1OTk=,11
LTE1NTc3NzU5NjI3NjkzMzEwNTc=,11
NTE0Mzk2NDQyNjE2ODY4NTczMA==,11
MjkzNDA4NDQ3MjkxODM4ODM2OA==,11
MzgzNjc2MDcxNTgwNjYxNTg1MA==,11
NjcwNTQ0OTM2MzA5MzkwNTU2OA==,11
NTkyODAxODcyMjIxMTQ2MTE4NQ==,11
Mjc5NTM4MTQ2MjExNTk3NzkwNw==,11
NzUwNzcxNjU0MTc5OTQ3NTk0Mw==,11
NTMwMDY2MDM2MzIwMTQ1MzM4,11
LTg2NDQ3NzE4NDc1NTQ2NTQzMA==,11
NDUwNjY2Njk4MzU0Nzg5ODg3NA==,11
NjY2Mjc4NTY5ODI3NzQ5NzA1Mw==,11
LTMzMzM4Nzg2NzA1OTU5Nzk3NTU=,11
MzQxODAxNzc5MzI4MjY1MDY5NQ==,11
MTE4Nzg4NjcyOTkwMTgyOTEwMQ==,11
LTI1MzY4ODQwMzM0NzM1NjM5MzE=,11
LTI0MTY3NjA5OTY0OTUzOTQzMzA=,11
MzgwNTQyMzAxODQxMDM2MTkyNw==,11
LTMxNDM0NDM3NjI0ODIxNjY5NjE=,11
LTc4MDAxNzgyMzQzNjQ1OTI5NDg=,11
OTM4MjY0MjI1Mjc0MjE4Nzc4,11
LTM5NjMxMTY2NTc4MTAxMTUyNDI=,11
NTU2MzY2NjgwMzI2NjA2Nzk2MQ==,11
NDQ2MTM1MzUwMzU0Mjk3NjU2NQ==,11
OTg3NjQxNDIyOTkzNzAwMzIw,11
NjkwNTI2MDYxMDEyNzAzNTIw,11
LTg3MjY0MTI1NDI2Mjg4MzY0NDA=,11
LTU4OTkzMzcxODgxMjY3MjY0NjA=,11
NDUzNjY0MTY3Nzk0MDUzMzc2OA==,11
ODQzNzI2ODYyNDQxNDU3MjE4Nw==,11
LTI2ODYyMjc1OTkwOTE2NDE4ODU=,11
NDUxOTU3OTgwMDU2MjUzODUwOQ==,11
LTUyNjkxODAxODExOTY3MTQwNzU=,11
LTM4MjI1NDgxMzAyNjk1OTExMzM=,11
OTIyMjIzOTM0MTI1MDEwOTc2Mw==,11
LTgzODU3NDQzNDg1MzMxNzc1MDI=,11
LTM2MzU0MjUxMjMwMjI2ODIzMzg=,11
NDI2NjExMTk4NDY2MzY1NTQ3Mg==,11
NzI1MDA1NDU2MTAzMzQwMzQ3MQ==,11
LTU4ODE3NDgwODg4MTQ5MjczNTM=,11
Mjc0ODQ1ODk1ODk0NjU0MTIxNw==,11
LTE0Njg1NzIxNDQ4MzU4NDA4MDM=,11
LTI5ODYwNjI5NzkwOTI4NzMzODE=,11
LTU1NDA0NjQxOTA4OTQyNDY5MzU=,11
LTU3ODY1NDU3MTUyNzM0NTUwODQ=,11
NTYzMzk2NjMxMjA5MTAzMTc0,11
NjQ4OTkxODI2MDI2NzkyMDgzOA==,11
MTQ3OTI4NTE5MTYyMzYwMTgw,11
NDQxNTg3NTMwNDM4MjAzOTUzNQ==,11
LTU2NjIxMTEzNDM0NjA1MTgzNjU=,11
LTUxOTIxMDQ5NzE1ODAzNDg1OQ==,11
LTQ0MTcwMTM1MjY3OTgyODg1NzM=,11
LTcwMTkxNjQ4MTYzMTA4MDIwMTk=,11
LTU2MTAyNDc2MzczNjI4MTk4MDE=,11
LTExOTYzNDgzNzk5MjEwNjI4NjU=,11
MjI0MzgyMzk2MjYyMDU3OTE0Nw==,11
NzIxMTUzMDY1OTQ2MzEzNTAwMA==,11
LTg2MTY3MDQ1NDYzMTEzNzkzNzI=,11
LTEzNjY3MTA2MTIzOTcwODExNzg=,11
ODM2ODM0Mzk1MjA2MDQzNjM5Mg==,11
NDg3MTk4MTI2OTY1MzQ5OTgz,11
LTEzMjgwNzkyNjA5MTMwMDI4NTA=,11
LTMyNTQwNDYxMzU5NTQ1NDM1NDY=,11
LTI1NTE1MjkwMDIxNDc2NTM4ODI=,11
LTMwODExNDk4NDYyNDAyNDIzMDU=,11
NjI1Njg1NDQwMzU5MTA3Nzc1NQ==,11
LTY4NTgwMTcxNTUxODk3NjI2OTY=,11
MTM5NzU0NjA3NDcwNzczMDE5Mw==,11
Mzg4MTQ4ODI2NjU2Mjg1NjI0NA==,11
LTgwNjg2ODQ3Nzg1OTYzMzg1NjA=,11
LTQ5MzY4MDI0Mzk3MDU1MDI1ODU=,11
NTM5NjUwNDU4NTE4MzgxMzE2NA==,11
NzY2NTE5NDkwMzU5ODE3NjczNQ==,11
LTEwMTIzODk3ODE1Mjg1MzIwMzg=,11
Mjg0MDk2MDk1MTk5MTY3NzI5NQ==,11
NzAzMTg5NTE0MjA5NzQwOTYxNg==,11
NTU5NTY5OTQ5MTUwOTM2NzQ0Mw==,11
LTc0NzM0NzYxMzg5NDY2OTY5NDg=,11
LTMzOTQ2NjYyNjExOTI4MzI3Njk=,11
LTI1NDg3ODk3MDM5NTc3NjUzNjI=,11
MzA5ODk5NjU1NjExMDg0OTQ3NQ==,11
OTE4MTk4Mzg3MDAwMzIwMTAzNA==,11
NjY4MjM3MTYxMzQ3MTIwODE0Mg==,11
MjQxMzA1MjgxMzE0ODEzMzgwNg==,11
NTEyMzU1MzMyNjU5MTQwODk4Ng==,11
LTQ0NTY4NTk5OTEyODQ1NDk2MTU=,11
NzAyMTk1ODk5ODYwNDIxOTkwNQ==,11
LTQzNjM3MTgzMTU4NTIzMjI0NDM=,11
NjE3MTM5MjM3NjUzNDMzNjk2Nw==,11
NTA4NzU4NzQ1MzQ5OTU3MTYzNw==,11
LTU4NDI4NzYwNTEyMDczNjE5OTM=,11
LTIxOTUwNTcxNzI0NzQ2OTQ2NzA=,11
LTcyMjgwNjg2ODg5NDYxNjE2Nzc=,11
LTI4NTc0OTA5NDE5MTk4ODE2NDg=,11
NTUyNzU4NTM2ODQ2ODMzOTUwNw==,11
LTgwODEyNDMwNDE4MjczNTQ5ODI=,11
LTY5Nzg1MjMyNTA1MDc1MjI0MjQ=,11
LTM4NzM4NzY2Nzk4MTU5NzE0OTc=,11
LTQ4MDEyNjIzNjE3MzEzOTg1MTY=,11
NTA4Njg3OTUxMjUyMjc0NTAx,11
LTYxNDk1MTA3MzU5MzExMzMzOTE=,11
MjkyMjA1Nzg4NTc2ODEyODAwNw==,11
LTkxMTU5MjMxNTIwODI5ODc0Nzg=,11
LTE3MzgwMzA1ODE0NjI3MzM5NQ==,11
LTEwNDA0ODQ1MzQwNzAxMTA0ODE=,11
MjEwOTQ1MjQ0MTUyNTg4NzI5Ng==,11
LTgyNzU0NDcxNTA4NzU4MzMzOTg=,11
ODIyODg5OTE2NzcxODc1Nzk2NQ==,11
LTI1Nzk3MDMyMzgzMTM2MTg5Ng==,11
LTI3ODQzODc4OTQyNzg0NzEyNzI=,11
LTg3MTk4MzAzNDA3MzUyMDQwNjI=,11
MTEzODA0NzY1MzY0ODQ2NDYxNg==,11
LTQzMjA2ODE5MzE0NDY0MDgyNDM=,11
LTExNzAwMDkwOTYyNjI4ODY1Njk=,11
MzI4NDg5OTU4NjE2NzU3MDUyMw==,11
ODUzNjEyMDk5MzYzNjIzODEzNQ==,11
LTg5NzE5Nzg5NjA1NDM4NzA2NjM=,11
MTkyMzMzNzA0OTU1MDQyOTA0OA==,11
MzU1MDUxNjY5ODgzNzU4MzMzOQ==,11
MzQ2NzE1NTE4ODEzMjM5MjE4OQ==,11
MTEyOTUyMzU2MjQ3NTgwMzc2OA==,11
LTI1ODI0NzYxMjMyMTEzMDM4NDY=,11
LTgyNjMwNTU1OTY0MzcwNjA2MTc=,11
NjA2MDU4MTk2NTU0MjY4MTQ4Mg==,11
ODMyNDYwMDI0MDEyODIzNTYyNQ==,11
NjExNTc4MDU5MjA3NjcyOTM0Nw==,11
LTQxOTI1ODA5NTk2NjM1MzkzOTg=,11
LTI4NDUxMTUzMzM4NDYxMjgwMTc=,11
LTc0MjQ4NjEzNzAzNjg4NDAwODQ=,11
MzE3MzQ3NTg1NDczNDM0ODMyOA==,11
ODUyMTAzNjUwNzMyMjEyODI3OA==,11
LTgxNzM2OTQ0NjQ4MjU2OTA3ODM=,11
LTI4NjA5MzIxNjA3NTU2MjM4MjQ=,11
MjIxNDUzMzYwNDE2ODgxMDcwNw==,11
LTg3Mzc3ODI5NjIxMDkwMDY2Njg=,11
LTg0NDYzODMzMjA2NTA0MjI5MzU=,11
MTgzNTgzMjkxNDI2NDkwNzM2Ng==,11
LTUwMjQ5NDUwNjcxMDE2MzQ0NQ==,11
LTYwNDMxOTM0NDI0NjI2MDI0NjE=,11
MjI2NjgyOTc4MTU0OTE2MjUw,11
NTI2OTA0NzgzNTcwNzE5NTYxOA==,11
LTY2MDY5MDUzODAwMzAyODQzODA=,11
LTQzNzU0ODUxMDE0NjUyNjk2NDE=,11
LTYyMjEwMjgyMDMwNzE5OTA1MzY=,11
LTE3NjM2NDM4MjgzMzQwOTMzNA==,11
MTI5MzA2OTMxNjUxNzY4NDU2NQ==,11
MjQxNDE4NjI2MjYzNTExMzUwOA==,11
LTIwODM1MTc5ODEyNzcyNDAxNDE=,11
LTc1MjYzMDY5MDY5NDk2NDM2MzQ=,11
LTYyNzIzNjQxNjA5ODI0MzU3MDQ=,11
Mzc3NjA2NTgzNTI5NjMwMjUwNA==,11
NTg0NjIxODAwNjA4MTgyMjI3NQ==,11
Mzg4MjgxMTU3MzE1ODIyOTI3OQ==,11
OTE0ODczMzAyNTk5MDUzNjM1Nw==,11
NjYwNjc0MjI2MzQxMjkyMzc=,11
NjkxMTI2MzM0MjUzNjU1MTU4MQ==,11
LTg5ODA3Mjc5Mzc3MDg4NDI2NQ==,11
OTE3MDU5NzMxMjQ1ODc2Mjg1Mg==,11
NjI0NTc1NzczODI2ODM5OTE1MA==,11
LTM2NTY2ODAzNzUwMTkyNDEzMjQ=,11
NTkxMzEzNTQ0Mjk1NTIxODQ2NQ==,11
NTEzNTgwOTIxOTk2NTExMTI2NA==,11
LTM3MzAwMDg0Mzk3OTU2NTY2MDI=,11
LTIzODcwMjIwNDYyNDU0MjE5Mw==,11
LTY4NjA0ODYwNjY3NTA5NjY0ODU=,11
MzczNjI1MDE3OTQwMjk4MzI5OA==,11
MTIxMDk5NzEzOTk2MDUwMzIx,11
NzE3NTQxNjk1NTgyMTI0OTA4,11
LTM0MzQxMDg1NzQ1MTIzODU2NTE=,11
MTM1NDY4MjkyNTc0NDIxMDczMg==,11
Mjg3NDQzMDQyMzA2NTExMDI5,11
LTE4NTE0MTAyNDYyMDI3NjYwMjI=,11
LTYxMzQzNjYzNTA0MTc2OTEwMTc=,11
NTA4OTU0NzY2MzY2OTc4ODUzNA==,11
LTQ1NDg1MjkxMzgzMDQwMjg4NTI=,11
LTE1MTE1Njk5MTI2MTk1NzQ4Nw==,11
LTQyNTc2OTMwMDc1OTk1MDg3Mjg=,11
LTQ5ODI1MTM5MDMzOTMzMjAyMDM=,11
LTgzMTYwNzI2MTYxNjM1ODE3NDE=,11
LTc5NjE2OTc5NzM4NzEyNjEzNzc=,11
ODkwMDQwMTQ3NDk5ODMyMDky,11
NzMzMzkzOTEwNjA2NDI1OTQ4MA==,11
NDU1NDg3MDkyODA2Njg2NjU3Mw==,11
LTczNTc1OTk5ODU3NzMxMTk2MzA=,11
LTYxMDkzNjcyMDkzMDE1MTc0Njg=,11
NjMzOTkxOTY3MzkyNjYxOTc4MA==,11
LTg3Mjc2OTA2NzkxNjYxNzM4MTU=,11
NDU4MDM2OTU2NDg3NDI1NTE1MA==,11
LTI2NjIyODY5MjE4MDA0NjM5NTU=,11
LTg4NDA1NTA0NzkyODYyMTQzOTU=,11
LTg4MTE3MzMwNzYxNzY1NTk5MTU=,11
MTM5MzEzNTM2NjM1NDQwMjM5Mg==,11
NDg4NDI3NjcwMzY2OTI0MDg3Nw==,11
NjYzMDA4Nzk5NjA5NzM4NTY4NA==,11
LTc5NDU5NjExMzcyMTYxMjA3Njc=,11
LTQ3NzgwOTMxMDQ3MjIxMTE5Njk=,11
NzU1MTc2NTQ5MzQ3OTMwODc3NA==,11
LTM5NTE0MDYzMTk3MTY0Njk2MzA=,11
NjU2NTIxMzI0NDE4NTY4MzI1OQ==,11
NzY1NDI4ODQ4Nzk5NTMyODc=,11
NzcyMjM5NzI1Mjc2ODIwMjY5NQ==,11
Mjk2MjY4MDEwMzg2MDgwNzEwOA==,11
LTU5MTAxMTQ4MDkzMDYxOTgyNzM=,11
NTIyODgxNjUwMzU5MjI5NTU4MQ==,11
LTU5MDcyNjk1MDQ3MzY4OTUwNTk=,11
LTI3OTU0OTk0OTA5MTg1MTY5NzU=,11
MTcyOTgzNjExOTExNzM4NDY3OA==,11
NTMzMzAzMTc0MDAwMjkxOTA2MQ==,11
LTU3MjYyMDQ1OTM4MDQwOTQ5MDU=,11
LTQyMjcwMTA4MjAyMTQ3MTI5,11
MTUyOTA1ODY3NzE5NzU2NTI5NQ==,11
NTM5NDk3ODE4MDIzODcxMTgyNQ==,11
NDAyMjkyMzI0MTY5ODE5NTQxNw==,11
LTU3MTkxODQ1MDc1NTc4NTYzODY=,11
OTQ2MDU5MDczMjE5MjkyMjg0,11
LTc0MjQyMDQwMTk2MjQxOTE5NTc=,11
NTIzMzQ3MzYwNTUzMTc4OTUxNg==,11
MTc2ODM5NDM0MjgwNzQwMzc0Mw==,11
LTg5Nzk5OTc0MTQ1MDMwMDU5NTg=,11
LTU0MDA4NDQzNDQ2MTA1MDUyMjc=,11
ODk0MTA3NTY2MjA2NDE4MTc3OA==,11
LTkwMzA1OTkxODQ3NjA0OTc4NDM=,11
NDI1MTIxOTcxMzQxNzQ3MjUwOA==,11
MjQ1NjQ4MDY3NTE0OTgyMTUzNg==,11
LTY5MzUwNjA1OTI4OTE2NzI2Mzg=,11
ODYzMjk1MDM2MDQ0MzU3NjAxOA==,11
LTgxNDU2MDc0OTY2MzY4MzM1NQ==,11
LTQ2MDU0OTI2NjUyNzk4MjM5MzE=,11
LTYzODc1MTIyNzQ2MDcxMDE1OTQ=,11
LTM2MTU0MTYwMjA1MTI1NTg5NDM=,11
Mjc1NDcxNzE3NzQyMzk0OTE1Mg==,11
ODM2OTcyNDY2MTQxNTQyMDQ5Ng==,11
NTcyMDUyNjQ4ODUwNTI1NTUwOQ==,11
LTcwNjIyMTM1MzAzNDgxNzQ3NDQ=,11
ODU4MDI5Njc1MzU4MDQzNTk4Mg==,11
NDMxMzE3MzEwMzYyODI3ODIxNA==,11
ODkzMTcyNzgzMDU1ODE4NTc1Mg==,11
ODgyNjM5NjY1NDUwOTU2NzI0MA==,11
NjAwNzc0NTA5MDI4NTk3NTI4Mg==,11
NTkyODIxNDUzMzU2MzQzNTk3MQ==,11
NTUxMTM2ODE2MTEyMDMyMDIxNQ==,11
MjM4MDM1MzMzNzc5NDE2MzA0Ng==,11
NTA1MTg3OTgwNzMxODk1MTM0MA==,11
NjI3OTUxMDQ3MTUyMjQwMDA4OA==,11
ODc5Njc2OTcyNjM2MTE4OTk0Ng==,11
MTc4NDA0Njc4NTY2NDQ5MDU3NA==,11
ODQ5MjM5NTc0MzQ0MTUyMjE5OQ==,11
LTYwODE2NDcwMTQ1MDY3MTYyOTA=,11
LTY0NjAzMDc1Nzk1NDY4MTU2Mjg=,11
MzU3NTgzOTMwNTYwODk0NDI4Mw==,11
OTE0NjQ5ODQ2NjY1MzAzOTQyNg==,11
LTcxNDI2NzcyOTM4MTkyNjE3OTI=,11
LTgwMTg2NzgwMzgwNTUxNTA2Nzg=,11
NTU4NDU3NDEzNTc1Mjk2NDY3Nw==,11
Mzc4Nzk2Mjg5OTQ1OTIyMzk1NQ==,11
NDc0NTU0NzU1Mjc0MjY3NTU0Ng==,11
NDY5NjI3MDM4MzY1MTU0NDc1OQ==,11
LTI5OTIyMzkxNTEyMjU2OTQ3NDY=,11
LTYxMTgyODk3NDEzMDIzMzA2NjI=,11
LTcwOTUxOTEyNjc0MzQzNDcyMA==,11
MjY2Nzg0MjU3Mzc0NDg5OTY0Mw==,11
LTMwNjY4MTMxOTc4NjA0NTE5MzE=,11
NTYzNTAxMTIyOTk4MDYwMDk1MA==,11
LTczMDQ5MDMzNzgwMTQxNTI2NDE=,11
MjY3ODUzMDc2NTY5NDIzODg4NA==,11
LTcxMzQ4NTYyNzI4MjI5OTEyMzY=,11
LTY0NDIwMDg1ODAxNjk5NDc4NjM=,11
LTg1NDgzODk4OTU2MDc3ODI5NzU=,11
LTM4NTk0MjkyMzE2NzA3ODg1NzA=,11
NTMwNzEwNzYxOTY3MTQwNDIyMw==,11
NDczMjcxMzk0MDA2OTA4NjUzMQ==,11
LTg5ODYyODMyNTc0MDg0NzU5Nzc=,11
MTMwODAzNDU3MTAwODU1MzE2MA==,11
LTU4MDgwNzcxOTQ0MTY1NTg0NTM=,11
NjQ1MDQ5NTAzMDg5NDI2MDY3MA==,11
NzE3NTMyMjM2MzUyMTcyNzEyNA==,11
LTMyMjI3NTY4MDkxNjQ4MDU5OTI=,11
NDc2MTMxMDAzNTYyMDk0OTc0Mw==,11
LTUwNzU2NDk2MzAwNTk1OTkzMDE=,11
LTIzMDU4MTE0MDkwODkxMjIzNzA=,11
LTY4MjIxMDg5NDQ2MzIxMDUzNTY=,11
LTg3NzA3OTQ3MzM4NzAwMTgxNzY=,11
NjcwNDk0Nzk2NzUwMDA5NDQxMA==,11
ODgyOTU2NTIwNjA0NTE3OTkwNA==,11
ODcyMzI3MTY3NzQ2MzU1NzEzMw==,11
MjI4NTEwNzE5NDkwMjc4Mzk2OQ==,11
LTM5Mjg1NDA3ODkwMTU3OTM3Mzc=,11
LTg5NzM0NTQ1NTUzMjA5Mjk0Nzk=,11
LTI5ODAxMDA4NDY4Nzk4OTMyMzE=,11
ODg5ODI0OTcyMjEwNTkyMTYy,11
LTQ5NTExNDQ0Nzk2Mjg5NTYxODY=,11
ODQ0OTI0NTI4OTg3OTIzMzc3MA==,11
MTk0MTU3NDkwNTQ3NzUzNzAwOA==,11
ODMyNTk5ODU5MzA3NTQ3NTQ1Mw==,11
LTYzNDE5MDk0Mjc0MDQyOTgzMjM=,11
NDcyODQ3Mzk4MDk3NTQ0Nzc3,11
NjA3OTMxNzQwMTgyMzAxMjM2,11
LTU2ODQ3MzA1ODM2NzEwMTk3NDE=,11
LTE0MjI0MTg3NDAzMTM2Mjg1MjU=,11
MzU4NDQ3ODIyNDc0MDI3MjE2Nw==,11
NjY2ODgwMjM0NDU0MjA5NzU2OA==,11
ODI2NjI0MjQzNDE5Mzk3NzgzOQ==,11
MzA0MTgyODEzNDk2MDM2MDI1MA==,11
LTgzNzk4Njk3MTIzMTIzMTU4Mzk=,11
LTkxNjk0NDIwMjY3NTM1NzMzMjQ=,11
NjcyODU2NDg5NDA4OTk0Mzk1Ng==,11
NjYxNTU0MTgwNjczMzg3NDA3MA==,11
LTM2NDg5Mzk5MDgzOTg1NDg3Njg=,11
MjMyNjU5NTI1MjkyMDI5NTI5Ng==,11
LTYyMTAwNzc5NDA1NzE4Mjc0Mg==,11
LTY5MDU1NDA1Mjg2MTQ4NDExMTg=,11
MTI5MDAzNDA4MzQ3NDY4NTk0Ng==,11
LTI0MTU3NDYyMzgzNzI1NzI2MDI=,11
NTAzNTAyMzE3MTU5MDk3NzI1Nw==,11
NTkzMDM4NDg2OTkzOTkwMDMxMw==,11
LTU4NTQxOTAwODQwMDA5MTg2ODE=,11
MTkzMjQ5MDU3OTIyMjM4Mjg1NA==,11
LTUxNzk4NTU1NjAwNjU0OTkxMTM=,11
LTIxNTE5OTEwMjE1MzM4NDI1NzA=,11
ODM4MTU3NDU1Mzk0NTU5NzgzNg==,11
LTM0NTgxMTUxMTE3NjQ2MzEyNzQ=,11
NzAzNzE5MzAzMzU4NjA2NDg0Nw==,11
LTU1ODM5OTg4MDAxMjYzMzUwMzY=,12
LTgwMTUzNDk0OTc5MzYxMTc3NjI=,12
LTQzOTk0ODM4NzQ3NTYyMTc4MzQ=,12
LTQ3OTgxMjg0MDE3ODkzMTkxMTM=,12
LTUzOTA1MzI2NTAxODMxMTMwODQ=,12
LTUxODMyOTQ5ODc2MzYxMDQwNDA=,12
MjYxNjUyMTIyNDU5MjI0MDg0Ng==,12
LTg1Mjg0OTAxNDI1Mjk0ODkyNDA=,12
LTI2NTI3NDk3MTAzOTg1OTY5MjM=,12
MTMyNzUzNjc2OTM3MTkzMDQ0OA==,12
LTc4Mzc3NzQ1MTM4Nzk0MjEzNTQ=,12
MTEyMzIwOTIzNjQ5MzA2MDA0NA==,12
LTUzOTQ0MTYwMjgxODkwNDQzMzE=,12
LTg4MTA5ODY5MjgxODc2OTM1NDA=,12
LTc2MDg0NDkzODAxMjY2MjQ3OTA=,12
MTk0MzI3NDAyODU1NDI3NzE2OA==,12
ODM4MzEzMTE0NDIwMDM5MDI5OA==,12
LTI2MjUyMzc4OTY2MDIzMzA2NjI=,12
MzY4MzIyNTE3OTk0MjQ3OTc5Nw==,12
ODYyNjMwODk2NzQwMjg0NzYzMQ==,12
LTIzNjMyMTAxMTI1Nzc1ODkzODA=,12
ODk1NjUyMjU5NTE4NTk5Mzg0NQ==,12
NjE1MjA0MDY2NDAzNjE0NDc5NA==,12
LTE0MDUwNzEwMzYxMjUzNDU0NDk=,12
ODQ1MzMxODUwMzQ2NDI0MzI2MA==,12
LTY5OTMwMDg3OTIwNjYzNDY5MDE=,12
NTU3NzIwOTQ1NzQ1ODA3NTExMQ==,12
NTg1NDI1NjIwMzY4MDA5NjQwNA==,12
LTE3NzQzODIzNjk5NDMxOTgwODQ=,12
LTQ4NjAzNDQwOTI3OTAwMjkyMTE=,12
ODY2NzYxMjE2NTQ2MTUyMzExNw==,12
NzIzOTc0NjE3Nzc0MjU1MTg0OA==,12
LTQ5Mzg2NTIzMTQyMTM3Njk5,12
OTEyODAzNDE1MDg1ODIyNDY5Ng==,12
LTYzNDQwNzQ3OTEwOTkyODQxNjU=,12
NTQxMjUyMDA0NzgzMDI1OTc2MA==,12
LTUzNzI0NDgwMDE0NTU5NTU3OQ==,12
NTA0Nzg5MDQ2NDA1NDkzMzA0OA==,12
NjQyNTA4NzU3NjQzOTcwMjE5Ng==,12
LTg1MzUyODg0NjEzNDAyMjM4NTY=,12
MzYzMzQ2OTgzMDcxMTE3MjQxMQ==,12
LTU2ODQwNzE3Mjk0NTgxODQ4OTQ=,12
NTkyMzY0MzYyNTYzMTIzODMxMg==,12
ODU4ODg3NzA4MjIzNTc5NDI1Nw==,12
LTQzMTY4NDczNDcyNDQyNjI0MTE=,12
MjQ1MzIzOTAzNjM0ODMzNDUwMQ==,12
MTE0MzgyODUwMTcwMzE2ODQ4MA==,12
NjA5MDcyMDYxMTA1NjA4NTAzMQ==,12
LTgxODQ5MjM0MDgzMzIxNTU2NTU=,12
NjEwNTczNzg4NjA2Nzc3NDYwNA==,12
LTM5OTEwNzUyOTYyMTYxODU1NjY=,12
LTQ2NzE4OTM1Mjg4NDU4ODY4NjU=,12
LTI2NjQ4NjcwOTgxOTEzNDM4MDM=,12
Mjg4OTQyODYxNDIyODUxNzY2NQ==,12
LTM5MzEyMTA0NzQ3MDk4NDcxNjY=,12
MzU0NDI5MTI0NDM0NjEyNjk0Ng==,12
LTcyNTc1NDA3NTExOTMwNDQ2MDc=,12
LTc5MTgwNzI1MjI2MzM5Njk3ODM=,12
ODM3MTg0NTczOTgwNDIxNzkz,12
MTc0MTI3MTkzOTA1NzYxNzc4MA==,12
LTQ0MzczMzA2OTMyNDg2NzQ3ODE=,12
LTQxMjY5ODk4NjQ0OTA3MDczODM=,12
LTYyMDg3NTAwNjM4NjQxNjQwMjk=,12
ODA0MjI2NTcwNjkwNjM1Njc5OA==,12
LTU0NDY2NzU5OTAwMjc0NTI5OTk=,12
LTU4ODg3NzExMjE4MjU5MDYyNDY=,12
Nzg3MDgxODYyNTg1NzcxMTAwNg==,12
LTQ2MjAwMTU0Mzc3MTE2MzY3NjE=,12
NDkwMzQzNTYwMjUyNDE1NDc5Nw==,12
LTYyNzczNTAyOTQ2NDMwNDUxOQ==,12
LTc2MDcyNDE3OTk2NDgyOTg1NDM=,12
NTM1NjkzNzk3ODcyNDUyOTUwMw==,12
ODI0MzM2Nzc3NDY0NTA4NTI2NQ==,12
NTY1MTAwMTc2MjgyNjcwNDIyMg==,12
LTIwODY3ODUwNDAzODU1Mjk5MTM=,12
NTY3MDAzNTM0ODg0MTE1MzI0Mg==,12
LTgwMDcwMTg0MDQyMjUyMTE4NTQ=,12
LTEwNjY1MDI0MDY3NDk0OTM1Mzc=,12
NzYyOTM4MjE3NDMxODgwMzc4MQ==,12
LTgyOTU4NTI2Mjg2MTQwNzQ5MzE=,12
ODY4MTU4ODQwOTI1NjYyNjY0Mw==,12
LTQwMjY1MDIzNTk2NjE3NDY3MjQ=,12
LTkxNTM4MDk4MTEwMDg2NDQxNDU=,12
LTE3NzIyODgwOTk3MTY3NzQyMw==,12
NTk2NDQ0NzM5MDY1NDMzOTc3OA==,12
Njg5Mjk3ODU2MTUzODQyODQyNw==,12
LTczMDMzNzUwNDUzMDAyMTMzMDc=,12
LTQ0NjMwNDg5OTUyNDUyMTk0Nw==,12
Njk1NzczMjYwMzYwMjQyNTI2Mg==,12
LTY3NjgwNjg5ODMyMjc5Nzg2NjQ=,12
NjYzMDQ1NzY0MDkyNDI3Njk1MA==,12
NzkzOTY3NDg4MjA5OTEyODEyNQ==,12
MTU4OTIyMTk0ODkzMDc1NjQ1MA==,12
LTM3OTA5OTQyNDg0Mzg3OTIxMDc=,12
LTgwNTA5OTE4NDc3OTc0MDUwMjc=,12
LTE4OTAzOTk4MDU5MjA4OTYwMTQ=,12
NTcxOTM0NTMzNTYwMzkyMTQ0Nw==,12
ODE5OTgyMDE1NzQzODM0NTgxNQ==,12
LTIzNjAzOTAzMDk4ODEzODAzMw==,12
LTU2NzAyMzYwNTM3NDc0Mjk1ODI=,12
ODAyNjEzMzM4NzgxNDA4NzM1Ng==,12
NDA5NTI0NDQ5NzM2MTMxMDUwNg==,12
LTY5NTY2NjQ5NzI5NzcxMzc0MzQ=,12
NjYzODE0MDUxODM3MjA3MDY2MQ==,12
NzYxMTMwMDYwMzY0MzkxNDY0MQ==,12
NTI1NDU1ODI5MjIxOTQ1NzU5,12
MjQ5MTk1NTk5OTE4NTE1MjE3OQ==,12
MjY4NTQwMTA3NDczNTY2MjAyNA==,12
LTg5NTk0OTE3MjYxNTYxMjU5MTg=,12
LTU2NjcyMjE3NzA5NTE0NzAwNjM=,12
LTEyNTU3NzA4MzE2NjU1MjI5ODg=,12
ODE0OTgyNTEwMTg1NzU2MTI5Mw==,12
ODcyODEwNDA3MDAwMDg0MDczOQ==,12
ODg1Njg3NzUzNTg0NDQwNDk2Mw==,12
LTI5OTQ2MTIyMjM2ODU0MjM0OTI=,12
ODk2MjE1MTI3MTU0Mjk2MjEyNg==,12
LTg5MzY5NjQyMTM4NDA1OTI0MDQ=,12
LTg0MzA0MDY2MDczNzQ0MjU4NzU=,12
LTE4NzI3NzY2ODM3MzI4MjYxODU=,12
ODQ1MDY5NTc5OTkwNjU1OTYzOQ==,12
MTU5NTE4Mjg4MjM2OTMwOTgxOA==,12
LTQ1NDEwMDM4NDkyNDE2NDY1Njc=,12
LTcyMTUzNzI5MjgxOTI3ODU0NDM=,12
MjYzMTYzNzg4MTM4ODIxNA==,12
Njk4NzI0ODQ2NDY1MzIzMDYxNg==,12
ODkzMzI0OTY4ODMxNDUwMjYzNQ==,12
MTAzMDk4NDY5MTcxNjc0NjMyOA==,12
NjI0Mzg4NDAwMDkyMzMyOTMw,12
MzM2NjUxMDUxNTUwODI1NDI1OQ==,12
NTcxNDU4NDQyNzQzODAyMTI0NA==,12
NjkwNDg3NTY1NzEwOTYzOTQ4Mw==,12
NjUyNzMzMzE0MjY2Mzc0MzE5Mg==,12
NjU5MTYyMjM0MjM5OTExODczNw==,12
NjQxOTYzOTg2ODkyMjM4ODc1Mg==,12
LTE4OTc5MDU0NzMyMDUzNDgzMTg=,12
LTgwNDU5NTEwMzY1MjYxMDI3MTc=,12
LTE1MTA1ODc5ODk4MTIwOTI0NTA=,12
MzExNTEwODY1MjgwNjA5MTE4Ng==,12
LTgyODg0MTg0MjYwNzEyODY2NzU=,12
LTUyOTU2NjE5NDA5MDEwODU1MDc=,12
MzcyNDQwMTcxOTg1MzA5MTIwMA==,12
MzA5MTQwOTEwNzk5OTA2NDA2MA==,12
Mjk0ODE5ODc0MDE2MTQ4Mzc0,12
LTc0ODkxOTE1NTkyMjgwMTQxOTk=,12
MTg4MzYxNjE1NTM4Mzg1MjU2OA==,12
LTcxMjg2MTMyNzUwMzI2MTIyNzM=,12
MTEzOTMxMTM5NTYyMDAxMjk4OQ==,12
LTU1MjU5MDQ3ODc1MjgzMTY4Mzg=,12
LTY0NjMzMDI1Njg3NDEwOTIyMA==,12
LTY1MDQ2NzgwNTY2NzEwNjYzNTc=,12
NjU5MDY3Mzc3NDA3MTgyNzMwOQ==,12
LTEyNjE3ODMxMjUyNjYwNzU4NTI=,12
NTYwNzY4NjIyNzkyNzU0Mjc5Ng==,12
LTQzMTkzNzU1NzM0Njg2MjIzNjU=,12
LTQ0NDA0OTg5MDgzOTE3OTE3NDA=,12
MzM0MTg5NTQ4NzM2NTY2NTk0Mw==,12
ODUwMjg1ODI5ODgzODE5MDI5Ng==,12
LTM5MjcxNTI3MzYwODAyMjc2MzY=,12
MzIwMTA5ODA1Nzk5NTU3MDU2MQ==,12
NDEzNzkyMjUyNDE1ODkzOTE4Nw==,12
NTkwMzYzNjEzNTM3Mjc3Mzc0Mg==,12
LTI3ODkzMDI0NjYzNjYzMDI1ODA=,12
LTc1MjcxNjIyMTA5Mzc4NjM0MDk=,12
LTc5MzgyOTA1OTE2MDc0MDU5NTE=,12
LTQ0NTg3NzQzNjg3NjI1NzE2NDg=,12
LTUxNzgxOTU3NjY4MjI2NDcwNTQ=,12
NTIxOTE2NDY3NjE1Nzc5OTI2Nw==,12
MzM1MTAyMDk3MTIxODM4MDU1NQ==,12
MzA0NTcwMTA5NTQ1MDQ3MzEzMA==,12
Mzg4MDA1MDgyMzk0NTAwNjM4OQ==,12
LTg4OTE4NzMzMjA5Mjg1MDQ5NTM=,12
NzM5NTU5MzUzNjUxNTAzMjI1Ng==,12
MTczNzIwMjYxNDE4MzM4NTcwNA==,12
NzE4ODI2MzgyNzgxODc1NDU4Ng==,12
MTc5ODI4OTkyODM3MzIxODIyNw==,12
ODc2Njk3NTQyMTY0MjY1MzQ5,12
NDg3MDA5MjAzNjIzMDg5NDI5,12
MTkxMDA5MDc1NDYxMTM0NTE0Ng==,12
MjYwNTgwNjUwMzY5MzMxNTg2OA==,12
NjUwNzQzMDY0NTM5NTgwNTQ0Mw==,12
LTU2NDA1NzI2NTM3Nzg3NDg0OTM=,12
LTg4MTQ3Njk0NDkzNTg0MzEzMjQ=,12
LTUxODUwMzI4Njg4Njc1MzE0NTI=,12
MjgxODgyNTQzNDM1MTY5NjY3Nw==,12
LTM3NDU2NzY1NDMzMDM4NjY5Ng==,12
LTgyMTAwNTQ4OTYyMDA2MzQ1MTU=,12
MzY5NjkxNTU5MjA1OTI4Nzc3NA==,12
LTc0MDM0MDUzMDgzNjc2OTE2NDQ=,12
MTc4ODk5NDc0OTMyOTA0MzI5Mg==,12
LTEwNzk3MjU4MTkxNTAxMjc0Ng==,12
LTQ0NDUyODk4NjI1OTk2OTY4NzM=,12
LTEwMzQyMDEwOTc5OTk5OTM0OTI=,12
NjE0NTU5NjY5NDkzOTMyNTMxNg==,12
MjM0NDU3ODYyNjk5Mzg4NTExNQ==,12
NTg4MzY3OTkyNDkzNjkyNDUyMg==,12
LTg4Nzg1MTY5NTI2ODkzMzc0MTk=,12
NDI5MzYwNTM3NDExODM3Mjk5NA==,12
MzMxNzY5NjM5NDU0NTM0NzU1NQ==,12
NTM5MzE1NDk3NDY5ODMyNDE1Ng==,12
NjUzOTYyMTEyNDgyODQxMjYzNQ==,12
ODg1MzMxOTgzMDczMDE0NzE3MQ==,12
NjY3NjQwMzI1OTQ5NzcyODgy,12
LTI0MDE0NzMxMDY3NzY0NzE5MTQ=,12
NjMyNDU3MjY4MjE2NTgwNDMyNQ==,12
NDQ1NzA0Mzk5NTkzOTE4Nzc1Nw==,12
NDQxMTU2OTE3NTAxOTMxMzA1,12
LTEyNTY1MDcwNTM0ODExNjU2MTU=,12
LTU0NDQ5MjMwODQxMjAwNTU1MjM=,12
LTc0ODk1MDIxMDI5NTMxNTQ1NTk=,12
Nzg4Njc2OTY3MTE4MDM2NDE2Nw==,12
LTgwMzA1Njc5NjIxNDY2NzU2MDA=,12
MjgyNjg1MTI4NTYzMzQ0MDEw,12
NzEzNDYzODg1NTQyNzc3ODQyNA==,12
LTEwNzk3NzA4ODY3NTMyOTkyNTc=,12
NzM3ODczMzgyNDA2Njg0MjM2OQ==,12
LTc0ODc0NzM3MDYzMDQxMTk0Mjc=,12
LTc5NDM4MTI1MDM4NjM4OTc4Mjg=,12
LTc3Njk1ODkwNDMxOTk4NDY5MTA=,12
ODQ1NDk3OTA1OTM3MjY0NzY3Ng==,12
OTE0ODMyMzQ2NzgwMzI0MDkyNw==,12
LTYxMDUwMTI3OTYyMjExNzAwMDI=,12
LTcyODg0Nzk0NzA2MzAwNzU4MjI=,12
LTcwMDc0MjkwMjU4NzgzNDkwODg=,12
LTM3NDkzODMzNzQyNTE3NDYyNDA=,12
LTM3MDIwMzkwMjk2MDEzNTkzMDQ=,12
LTE5MjgyMzg5MzczNzU0ODE5MQ==,12
MjQ3MDU3NjkyNTc1MDA5OTAxMg==,12
NDY0MDMxMDgwMzk4NTA4ODIxNw==,12
LTQ2NTY4MDMzNjkzMTY3MDE3MzI=,12
MTgxMjU5MTQ4NTY0MzU0MDI5Ng==,12
LTc0MjcyNjQyMzE2ODM0NTcwOTE=,12
MzcxMzc3MjEyMTQ5MjkxMzM3OQ==,12
Mzk2NTk4NDk5MTQwNTUzODQ4,12
LTQ5MTA0MDYxODIxNTEwMjkzNw==,12
NTQ3MzczODQwMjExMDE5MjAwMg==,12
LTUzNzczMTc2OTIxMDYxOTA3Nzc=,12
LTI1NDAxODEyNDc5NjkxMzc3OTY=,12
NjkxMzY1Nzk5MDA4MDI0Mjc1NQ==,12
MjcxNzk3NTc2OTY0NTI5ODYyNA==,12
NzI2MTc0ODYwMDI1Njc4NDkyMA==,12
LTM0NzA4MDE2MDU4NTI2NzA4Mzk=,12
MzU0OTA4Mjc1MjEwNDY5NTc3OA==,12
MTA2MzUzNzI3MTI5ODM1Njc1MQ==,12
MjM1NjQ2OTQ1OTA3NjY5ODA2,12
MTE3NzUwOTM2MzA5MTIxMTMwMw==,12
ODcxMDU2MTg1NjM1OTI3ODU4MQ==,12
LTQ0NTg4NTY3NjI5MzA2NjU0NTA=,12
LTE1NzczMjgxOTE4MzkyNjE5ODU=,12
LTM2NTU4MzE4MzA3MTcxOTI5OTg=,12
LTM4MTI1NTA1OTgxNjMyMjUzNDM=,12
LTQxNDUzOTkwMDUyMDAxNDU0NjY=,12
LTU3OTg2NjAwNzg5NTk1ODUyNDg=,12
LTE2MzExOTA5MTc1MzMwOTAzMTU=,12
NzI2NTc3NzQyMDM2MjUxOTYxMQ==,12
LTI2ODU2MTkxODQxOTc0NzgxOTc=,12
NTMzMTk5MTI4NzA2NDQ0MjI5MA==,12
LTgxNTc5Nzk5NzA3NDg1NzYxODA=,12
MTAxOTk5OTk4MDUwNjAyNjQ2Ng==,12
NzA4MDkwMTgyMzIxODY0OTEzMg==,12
NzE4MjYwODM5MTU0MjY1MTg3MQ==,12
LTYzNjY1NjAzMjM0NzQ0MTE5MjI=,12
LTMwMDAzNzYyNzQ5NzA2NzAyNDU=,12
LTExMDQ4MTk2NTUwMTY5ODQ3MTk=,12
LTg4MTc4MDQ3NDg4MzMzMjc2NDM=,12
LTg3MjAzNDMxOTk5NDkyMQ==,12
LTgzMjY5OTQyMTE4MzYwMzE1MjM=,12
MjUyNDM2MTM0MzIxNzU1Mzc4NQ==,12
LTg2MzkwNTg5NTEzNzUxOTY2NTg=,12
NzExNDU4Mzc1MjkyNzgxNTcyOQ==,12
LTQ1ODE4NTY1Mjc4MzIxNzczMDg=,12
LTY2OTk5NzA2NDk0NDg5MzgzMg==,12
LTY4NTA0MDgzNzA1NzI3MjY3NQ==,12
MzI2Mjc2NTc4MTczNjgyMzMzNA==,12
NzkwMzk2MjI5MjQ0MjcwNzg2MA==,12
NzcyODU4MzE0MjAwMDc2MDA0MA==,12
MjU4Nzg0NDY0MDIwNzk3NzU4Ng==,12
NjM0MDc3Mjk3Njc1MTUzNDgzMw==,12
NDY0OTMzNTgxMjIyMjI5NTc4,12
LTc3NzAyNzA0Mjk0MTU3MDI0NzM=,12
LTI2NjU3MjE4OTQ1NjAzNjczMTE=,12
LTQwNjIyMjM3MDQyMzY1ODU3MjQ=,12
NDA4Njk3ODg1MTQ0MDQ5ODg0,12
ODY4NjQwMjU3OTE0MzIyMzA1NQ==,12
LTY1NjI1OTY3MTQ5MDUyMDA0OTg=,12
LTgyMzk1NjU5ODc4NzYwNDQ0Njc=,12
LTIzOTY2NDQ0MTUyODM4MTcyMjQ=,12
LTE1NTEyMzA2NjQ2NzI4NTUxMDc=,12
MTMwMDk1NTM2MzY1NjY1ODMw,12
LTQ1MzcxNjk3NjQxMTQzMjYzMDg=,12
LTg3OTE5NDE5NDAwMzE3MTI1NTE=,12
LTQ2MjMyMTkwODUyMjk3NDcwNTY=,12
NjYwNzIxMTE0NzY2MjY3MjU4NQ==,12
NDMxNjg2OTI4MDc3ODkyMDA5NA==,12
LTczNjAzNzQyNTUyNTIwMzg1NDg=,12
LTEzNzA4OTA2MjE3OTg3NTUwNTE=,12
NDgxOTUyMTE4MjIxMjgwNTczMA==,12
MTg1MjkwMjMyNTE1NTY4NzEyMA==,12
MTc5OTI2ODAyOTM3NjY0MDY4,12
LTYyNTY4Njc4MTc5NjY3NTA3Nw==,12
MTAyMzUzOTc1MDgxMTcxMjQxMA==,12
MTQ0NTM2NTMwNDQ5ODQ0OTk0Mw==,12
LTY5NDIzODcwOTEwMzI4OTA2,12
MzkwNjg0MTM2NjE0ODU5NjY0Mw==,12
NDg4ODIxMzE4MzA5MDU3ODE0MQ==,12
LTI5MTIwMjM0NzE1Mjg2NTkxMDk=,12
LTUxNDc5MDY0OTUxMTU2ODk4MTk=,12
LTQwNjIzMzU0ODYzNTI2ODg1NDQ=,12
LTU1NDc2MDIxNDEzNjU5NzkyNw==,12
LTMyMDk1NjM2NjkzNDMzNDU5NjA=,12
LTU2MzQyODQxMzA1ODUzMDQ1NzU=,12
LTgxOTA3NTU3MTY2ODc2NTYwMw==,12
LTMzNTExNjQ1ODIxMjg2ODMyNDU=,12
LTE5MDM3MDE3ODk0MjY5MjU5MTU=,12
NTgwNDk3NjI4MDYxNDE2Nzk1OA==,12
MTg2NjU5NTEzMDMyODg3MjEwNA==,12
LTkwMzY0MDE3OTU5MDU2NzQ3NzE=,12
LTIxMzI3NTkwOTk5Mzk3Mzk5MDA=,12
Mjk1OTY4MzAxNjAzNzM3ODg3Nw==,12
Njg2MzYwMzE1MDgxMjQ4OTAwNQ==,12
MzA1NTQyOTU1MDQxMzQ5NTky,12
LTE5MjA3MTQ4NTk2Mzg3MzA1MDI=,12
LTgyOTUyMTgxNzMyNTk2OTEzMzc=,12
ODk1OTQ5NjMxNDY2NDA4ODMwNg==,12
MzQ3OTM5OTUxNTIzMzAxNjQwMg==,12
LTkwMTQ5OTg5MDE2NDI0NTcxMzI=,12
MTE4NTU1MTI3MDQxMTYzODU1OA==,12
NTAwNjY0NzAxMTMyODk0OTgxMA==,12
LTUwMDc3NjI0MjI3MDMwMTQ5NzU=,12
LTkwNDcyNjQ5MDU0MDcwNjYxMjI=,12
LTQyMzIxMzQ4NTcwMjMxNzUxNzQ=,12
MzI0NzQ1NzY5NTEyMTE0NTIzOQ==,12
LTY4NTIyNDI2NDUxODEzNjkzNDc=,12
NzI1NDQ0NDYwNDY1MTM3ODA2,12
NDQxNDc4NTUyMTg2NDA0MzMzMg==,12
MzA2NzAzNDI2OTMyNTk5MDEzNw==,12
MzA1MzYyMjY1NDg0ODIzOTU1MA==,12
LTQwNTQ4MTk1NzAyMzUyMjg4NTM=,12
NTU5NjM5MDIwMDY5OTg0NTEwNA==,12
LTgzOTYzOTg4Mzc3NDI1Njk0NTg=,12
LTY3Nzc3NjU1MTgzNzcwMzc3ODY=,12
NjEzNDQ1NTI4NDgzMTMzNTky,12
LTQwMzgwMTM4OTY4OTA5Nzk1NTI=,12
NDgyMjk2MTczODY1MTMyNTkwNA==,12
Mjg1OTkyMDExNjI1ODU4MTk0NA==,12
LTE0OTkzMjYwNzYwNTQyMzYxOTA=,12
LTM5NzUzNTk5NjE3MTA4OTYwNTU=,12
NDg3MTQzNDYxNzY1ODM1OTA5MQ==,12
MzI3Mjc4NzgwNjk1MjMwODk0MA==,12
ODY0NTY4MDQ4ODEyNTI3NTQ4Nw==,12
ODE5NTYyMjA4NjAzMjk3NzA0Mg==,12
LTc4MzMxNTAxMjI1Nzk0NTIxODg=,12
NTQ2MzQwNDY2NjkyMzcyNDkxNQ==,12
NTE4Njc1NDU4ODU1NDU3MTI0,12
NDI3Njg3NjAyMzA5MzU2MDY5MA==,12
NzExMzM4OTMwMjQ5ODQ0NzY1OQ==,12
LTkwMzY5NjEzNzA0ODY1MTIyMjE=,12
LTc2MDM4MjA0MjE3MDc3ODQ5ODQ=,12
LTc1Nzg3Mzk4MDM5MjY0MDA0MDc=,12
MzY0MDY5NDQxMjE4NDkwNDYwMw==,12
NDUyMzg4MTM4MzM0Nzg3MTI3OA==,12
MjUyOTE0MjMyNDA3NjIyMzA1OQ==,12
MzA1MTgxODc4OTM5MzA5MDYxMw==,12
LTUwMjc1MjIxNDk4NDIyOTUxOTk=,12
LTYzNDczNDc2NDQ4NzQ5NDkzODI=,12
NDg5NjY5ODEzMjM3OTE4MDYxMg==,12
LTM4NDQzOTMyODYyMzk5NDA2MzE=,12
NjYxMzE2MTU4MjM2MTc0ODgxOQ==,12
NTMxODMyODQzMTc2MDUyMTQ0MQ==,12
NTYxMTk4NDY5ODkxMTM3MDI1OQ==,12
LTgwODY1Nzc4NTM1NzA5NjE3NDQ=,12
LTc4NDQzMjEyNTg5NTE2MTE0,12
LTU0MjIyMjUxNTkzODE4Mjg4Njk=,12
LTEwODg2NjA5OTUxMzA5MDQzMzI=,12
Nzk2MTk1NTk1MzUyNDA3MjQzNQ==,12
LTQ5MTIxNDM4NTczNTc0OTExOTI=,12
Mjc0NDUzMzY4MTE5NjkxMjMzOQ==,12
Mzg0MzQ1MTc2OTExNDExNTMxNQ==,12
NTUwMzEyMDUyMDk2ODU0NTE2Ng==,12
NzM0Mzc3ODE5Nzg1MjI3Nzk=,12
ODQ2ODE3NDI2NjAyMjQxNDQ4NA==,12
LTE2ODQ0ODA5MDMwNTM3NTg0OTQ=,12
NjU1MDQ5NTY0OTI3MDI3NDM1NQ==,12
LTU2ODM0ODg1MjcwODg4NzA1MDE=,12
Mzg3NzQ1OTk3NTI4NTA2MzE5OQ==,12
LTU4NjI0MjUzMTI5NzU4OTExNw==,12
LTgwNzk3ODU2OTg0MzE4MDI1MTk=,12
LTQ1MjIyNzk3NDM0MzIyNTgwMzc=,12
NjY3MTczOTUzOTk4MTkzMzgzNw==,12
MzUwNjEyNjA0NTA4MDM2OTg4OA==,12
LTY1OTY5MDE3MDY2OTEzNDA1MDI=,12
LTU4NjA2NTgwNjA5NDU0ODg0NzY=,12
LTg5NjYzMzQ2NzQ4Njg5NzUyMjI=,12
NDg3NzkwNjM0NjA4MTc3ODI4Ng==,12
ODg4NDU1Mjk2NjEzNDY3OTE4Mg==,12
ODUwMTUxMzEzNTQxMDQzMzU1OQ==,12
Mjg2NjIyMTYxNzk5ODQxMjM=,12
ODQ2MjY0MDAyNTQxMjAzNzg0Ng==,12
LTIxNjc1NTM2MzYxOTc0MzEzNzU=,12
LTc2NTkzNjg3OTQ4MTI4NjM0MA==,12
Mjg4MjkyMTY0NzY5NzU1MDU0Ng==,12
NDMyNzU3NjYzMDY4ODg4NDE5Nw==,12
LTcyMjI1MDE4MTQ4MTI4MzY0MDc=,12
LTg0ODU3Nzc0MzkzNjQwNDQ4Mzg=,12
LTUxOTI0MzY3Mjk2MDY1NDAyMzM=,12
LTE4ODI3NjM1MjkyNDkwODY4MQ==,12
LTUzMzc1NjQ1MTMyODExNzI2NTg=,12
LTg3MjYxMzk5MDM1MTE0NjEzMTY=,12
LTM5NDQ3NjI3NzY0Njg0OTk5NzA=,12
NDYyODQwNTgyNDMwNjQwMjQxMQ==,12
Mjg4OTIzNjE1NzYyNTk3OTk5NQ==,12
NDUzMzk1NTk3NzQ4MzgzMDA5,12
MjYzODIzNDc3NjYzNDc0MjI3OQ==,12
LTM0NDE0MjUzOTgwMDYyODEzODg=,12
LTQyOTgwMzI1NjkwMjcyNjg0OA==,12
MTIwNTYyMzU0Mjk1Nzc4NDIzOQ==,12
LTQxMTcxNDg4NTA1NzM4NjY5MQ==,12
LTUwNDc4MjAxMTU3ODMwODEyNDg=,12
ODI1MzA5OTY1NTM5OTc4OTcyMg==,12
LTczNjYwMTkxMjY1NDc4NTE1NjM=,12
LTczMDIxMDI0MjY0Mzk5ODY3NzE=,12
NzY2NDM3MDQ3MTc5OTUzNjc2OA==,12
OTQ2MTg2NjM5MTAxNTM3MjIw,12
NDQ5MTk1Njk0NDQ4OTYyODk1Mw==,12
LTY2NzE2NzQyMDk2NDA1MDM3MDE=,12
LTM1NjAwNTkyNzMzOTkzMjc2NjE=,12
NTczOTc1NTA2NjEwMTcyNzM2NQ==,12
MTA1ODYzNjkyNjM2NDc0MDcwMQ==,12
LTYzNTE5NjUwMTkxNjc2NjA0OTk=,12
LTMwODIxMDU4Nzc3MDQyNTc3NjU=,12
ODc5MzU2NzYwNjYzNzQ1NjE4Ng==,12
LTg1NjA2NzI0ODk3MjMzMjU4MTE=,12
LTM5MjIzODM5ODM5NjQ4NjQ4NDI=,12
NjI2MDcwMjA1NDc1NzU0ODk3OA==,12
Mzc1NDI1OTk2MzAyOTQ4MzUxMw==,12
NDM1ODUxNzI0NTAxNDQ4MjE1OA==,12
LTQwOTAyMjg2NzU3Mjk4NjA5MDA=,12
OTAwMzQ0MTcwNTQ0MTk1OTk5Mg==,12
NTI4MjQ1NDIwMzI5MjMyMjAzNA==,12
LTgxMTA2ODI4ODg3NzEzOTg1NjE=,12
NzA2MjU3MTQ4NTMxNTIyODI1OQ==,12
MjA0ODQzNjY3Mzg5OTA3NDUwNA==,12
LTI5NzE1MTY4MTU3MTUyOTIxMTE=,12
NDk2ODk2NTk2MzA4NjI1MDc5,12
LTQ3NTI0ODE4NDI0MTg0MDc0NTQ=,12
NzgyNTQyMDIyOTA0MDMyMDYwNA==,12
NTYzNTQwMjIxMDUyNzM0NDk5Mw==,12
MzQ1Nzg1NjcxMDkzMjM3Mzg4NA==,12
LTg5NDA3NzQ4OTgwNzc4MDQ0NQ==,12
LTY0NjQ0NTg2MTU5NzE3MTE5MTA=,12
MTY0ODkwMjU5NTIzNTUxOTEwNA==,12
LTU0MzU0NjYxMDkwNDY1Nzk5MjE=,12
LTE0OTU1MTE0MzM3MTE3NTY5NjM=,12
NDY0MTYxNzgzODI0ODU2MzczMA==,12
NjU1OTk4MDE3ODk4MTk2MTcyOA==,12
LTIxMjA2Njk5MjM3OTI1MzM1,12
LTg2NjM3NjMyNjM2ODgzNDkwNTk=,12
NjAyMzA4OTg0MjQ5NDQ1OTI3Nw==,12
LTY4NTc3Mzc5OTQzMjIzMjM1MQ==,12
LTc4MjMzNzM4OTU1MjA3NzExOTQ=,12
LTc3MjA2NjM2NjYxODE2MTY4MDQ=,12
NDUzODI2NzIxOTk1MDcwNzIwOA==,12
NzE3NTE1MDM3Mjk5MTI1MTQw,12
LTIzNTg1MjMwNjg1NTY0MzI2MDc=,12
NzM0NDkzMDUzODg3NDc0NDA4MA==,12
NzIzMjMzODAyNDU2OTEzNDI1NQ==,12
OTAxMDYxODgxNzU2MDE1NTcyMg==,12
LTUyODA4NTU2MjQwNTEzMTg5NTQ=,12
LTc3NjE4NjMzNjA3MjkxMDQwNDQ=,12
NjA5NDExNDQ3MTczMjgyMDI5NA==,12
ODMzMzUyOTk5MjIzMzk3NjE0Mw==,12
LTMyMzU0OTM4MjQwNTA0NjU5MDc=,12
MjU1NjM5NDI5NjcxMTgzNzY5MA==,12
MTgzNjMxMzY2MTEwNjE5NzQ2Mw==,12
ODM5Mzk5NDYyNzkxMDEwMzAxNg==,12
LTI0NTI5MzU4Mjk4MjE2Nzg2NDM=,12
Nzg4NzUyMDc2ODY0MDQwNjk0,12
MzUwMjc1OTcxNjQzMDAzNTIzNg==,12
LTMyOTE1NjU2OTI4NjU2MDI4NjQ=,12
LTI0MzkwMDc3NTQ2MzA5NjM4MjI=,12
ODM1ODIwNzUxNTgzODQyNzg4,12
NzYyNjA2ODAxMjE3OTgxNzA4Nw==,12
LTM5NjczNjk2MzM1NDg5NDc0ODk=,12
LTc5NDMxNzA2MjAyOTcxNTc0NA==,12
NzAwMjY0NDcxMTI4MzE1ODg0OQ==,12
MzY5MTMyMjY0NDg0NzU3NDQ2NA==,12
OTEwNDM3MjE0NTIxMDI2NDgzMw==,12
LTg3MjcwMjUxODYwMTczOTY3NTE=,12
LTY3NDk2NzQ2MTk5MTc4Njg1ODg=,12
LTc1Njg5MjYxMDQxNTgyMjUxNDQ=,12
Nzc3MjEzNjcwOTQzOTIxNDk3Mg==,12
NjY4OTM0OTk1MTY4Nzk2OTM3Mw==,12
LTc4MDQzMzQ4MTE3NDE2MzAzMDM=,12
LTgzMDc3Mjk4NjE2OTE1MDQzNjc=,12
OTEzMTE5NTQ4NTQ0MDExMzU4,12
NjAyNTUyNDY3NDAyNDc1MzEz,12
LTExNDM1OTIxNDA5NjkyNTcyOTc=,12
LTI4NDMwMDM2NzY5NzIwNzM4ODE=,12
NzcyNzAzOTE0MTM2MDI4NDUyMA==,12
LTU1MTgzODc2NDQ3MDYzNTA5MDQ=,12
MTM1NDc3OTE3MzAwNjEzNDg0Ng==,12
LTM3NTI5MTU1OTA2ODA5NzYzNDk=,13
LTIzODIxNTAwNzIzODU1NjUxMDI=,13
MjQ0Njk0NDM1NDQ2MTczOTg1Mw==,13
LTE4MjQ2NDU4MzUxNTAxMzI4OTM=,13
LTQ5MjA0OTc4Mjg3MTMwNjU1,13
LTY0NjcxNzExOTE1Mzc2OTI1Mzc=,13
Mjc5MDgxNzE1MzE0NjI0NzEwNg==,13
LTUyNDM1MTAyOTIyNTQyNzUwMzk=,13
LTQ0ODUwMTc2NTc2MTU1MDc1NTA=,13
LTg5OTUxNTIwOTI3NTIyNjI1MDY=,13
MTgyNjMwOTQ0ODc0NTY4OTI2NQ==,13
LTIzMjE5NjQ1NjYyMTM2NzU1ODM=,13
LTY5OTA4NjE3NTI1Mjc4NjMyMDc=,13
LTQ3NTkwNDc2NDc0NjA2MjMyNg==,13
LTk3MTY0NTQ5Mzk4OTU5Mjg0NQ==,13
LTY0MDQ3ODIzNDI5ODQ5MDI4ODM=,13
LTI2Nzk5MDA2NzUzOTAyNTcxOTk=,13
MzQxNzAzMDc0NjYxNjEyMjIwMA==,13
LTM5NzEzMjM0MDc1NTExODI2Njg=,13
MjMzNjg3NTA0MDU0MDc5MTg2Nw==,13
ODI3MTUxODg5NTM4MTk0MzUzMw==,13
LTcxMzgzMzUzODUxMjQ1NjI5NTA=,13
LTUzMTgwOTkzNDkxMzA5MDQ2ODM=,13
LTI5MDE3MTkzNTYzODY0MTUxOTI=,13
LTY4NDA0ODM2NTQxNzM5NDY4ODU=,13
LTQwNDE3NzE1NDE1NzE4MDIzMjQ=,13
LTQ5MzY1NTA3OTYzMDA0MzMyMjg=,13
LTU3NTk3NjYyNTUxNzI1NTI2MTM=,13
NTEzOTI3MzYwMzIzNTY1MTg0MA==,13
LTQyOTMzMzYzODg2MTQ4MDc0NzA=,13
ODk3ODA4MjUyMTM0NTg4NTM0,13
MTUyNjA0MDc4NTMyNjY4NTE4NA==,13
LTQxODUwNzQzNzY4MzQ5NDkwNTI=,13
MTQ5NjU5MjQ1MTEyMjUzOTg0MQ==,13
NTU2MDMzMzEwMzQ3MTE3ODY4MA==,13
OTE5NzE0NTU1NTU4MDY0Mzcz,13
Nzc2MDc2MjA4NzU3OTYyMzk4OA==,13
LTUyNDE1OTY4NjUzNDk1MTQzMTc=,13
MjIwNjQwMjQ0NTQ5NTM0OTI5Ng==,13
LTM3MDAwOTU5MDA4OTQzMTg4ODY=,13
MjgwNzY4MjEyNDI4OTYwMDI4NQ==,13
LTI3ODQ4NjUwNDkwNTg0NDkzMTk=,13
LTg4MjQxNDg0NjUzMTI0NTg4Njk=,13
NjMyMzU2MDY0Njg5MTAyMTgwNw==,13
NTAxNzg0NzAwODczMzAyOTkyMQ==,13
LTEzNTUyNjA5Njk5Mzc4OTAwODk=,13
LTY5MjA2OTQwOTQzNTE4NDc0MjM=,13
LTcxMDE3MzMyNTc5MjQ3MTM0Nzk=,13
NjE1NjU2MTUwMTY0NDgyNzEzNQ==,13
NzkwMjU1NzUyNDk0MDk5MTU4,13
LTMwNjE0MjQ3MzU4MTcwMDQ2,13
LTE2NzM4NjU2MTk2NjgwNzM4Mw==,13
NDA1MTc1MTc3ODc4Mzg0ODYzNw==,13
LTQ4MzM1Mjk0ODIxOTQ4MzYy,13
MzQ2NjQ1NTI5NDc4NDIwNzQ3MA==,13
NjQ3OTYwNDUzNTIzNjIxMTU4OQ==,13
LTQzNDIwMjEzMTA0NTk5NzA5NDE=,13
MTE1ODM2MTgyMTMxNTkzMDM4,13
LTgwNzM5NTYxMzc2MjczNjAyMzA=,13
MzUyNTEyNzQyMTU3OTgxMDg3MQ==,13
LTMwNjc5OTM2NDY3NTQxMjAyMzU=,13
Mjk4OTExODAwMjkyMzc1NjM2,13
NTg2OTEyODQwODMwNTc1MjcyNg==,13
LTkwMDA5NDU5NDE5MzEzMTkxOTE=,13
LTU1OTM5ODYxMTA4NzAwMDUyNjg=,13
LTc1ODYzNjczNjM1NDYxODMwNTI=,13
OTAwMTE1NjU3MjMyMTM2NzE1Nw==,13
LTU4MTgxODU0MjExODU3NTc3NzI=,13
NDU5NjkxODI1MTg5MjA5MjM4Nw==,13
LTU4NTc3ODIyNjc2NTM4NDgyNzk=,13
Mjg2NTkxNDY1OTE3NzU1MDUxOQ==,13
NTQ4ODMyMzQzNTQ1MTMxMjA0Nw==,13
LTQxOTg1NDE3MjE0MDEwODcwODI=,13
LTQxMzA0NDczNjY0MzY1MzYzMzY=,13
ODE5MzE3NjIwNDk5NTk2MDYwNg==,13
LTYzODE4NTQxMDg1MTY0NDg1ODk=,13
NzY2MzExNDc3NDM0MjEyNDE3OQ==,13
LTMwMDg3NjI0MDcwMjE5OTkwNjc=,13
NjY4OTIwNjkxNTk2MTcxMTY1Mg==,13
LTE0MzYyMTgxMzgzNDE2NjAwNjM=,13
LTIwMjk5MDUwNzgxMTQ0NzI2MjQ=,13
MzQwNTQyODIzODMzNzYxNjI1,13
LTUxMDczMTE3ODg1Mzc2MzA2Mjg=,13
LTc2MDI5MDk0MzExODk5MjY1NTc=,13
LTEwOTc2MzAxNTcxMTM1NDMzNjI=,13
OTE5NDQ4MDk1MDMyNzg3NjM1Mg==,13
LTg4NzMwMzM4MzAyOTA5ODk3Nzc=,13
LTI3MjAyMTcxODIwNDcxODgwMg==,13
LTgwOTY2ODUzMTk1Mzk0NDI3MTk=,13
LTU5MDc5NTQ3ODQ4NTE2NDgwNTA=,13
NjYwMDYyOTYwMjQ2OTE2MDk3NQ==,13
LTYxOTU4MjA0NjM0OTQxODk4MDQ=,13
NjQxNzEyNTE5MzY0MjA3MDM4Mg==,13
NTU2MzM2MzY5OTcyNTk3MTg5NQ==,13
NzIwNzk0NDI1MDIxMzUxNDk3MA==,13
NDc5NDAzMzUwMzI1MDg4NjM3Mg==,13
OTE5OTMwMzQ5MjE0OTEyNjM1Ng==,13
LTQ5MTk4MzIyOTQ1MjcyMDcxMjc=,13
LTM0ODM1NjA3NjcwMTIwNTk5MzM=,13
LTg1MTU3MDk2MTQxNzAyMjY1ODM=,13
LTQ3MzczOTI2ODgxNDAyOTE0MQ==,13
Mjc3MDEyOTY2Njg0NDM3NjIwNQ==,13
LTEzOTIyNTI5ODE4Mjg1NDExMzg=,13
LTU0MzMxMDAzMzA3ODg3OTA4OA==,13
LTc4NDYwNDY1NTI3Mjg4OTI0Nw==,13
MzY2MTE1Njc1MDA1MjI5MzI5,13
LTkyMTkxNTkzNzc3NjA3NTQ4NzY=,13
LTgyNTU0MTM3Mzk0NzI2NzUwMTc=,13
ODk5NTY3MTY4NzQ3MTc5MDMyNQ==,13
LTg1NzIyMDExMzE2NTk4Nzk2Nzc=,13
NTY3NTk1MDQ4NjM3NjI5ODUwOQ==,13
MTk2OTY4Mzg3MjU0OTE3MTA1NQ==,13
NzE0NzY0MjIxNTY0MzY4MTQ1Nw==,13
LTkzMTI1ODc4ODYxMTYyMzU2OQ==,13
NTEzNTc5OTQ1MzUzODE0MjU5MQ==,13
MjUyMjA0NjA3MjU2NTAwOTMz,13
LTQyMjMwMjU3MzA2MzQ1MDU2NjI=,13
LTU2MDU5MjEzMzAzMjE3MTc3NTg=,13
LTE0Mjg4NzQ3Njc3MTA5MzU5NjA=,13
LTEwNjk3MjE2NjkwMTE3MjYzMzI=,13
LTIwNjUwMjM4Mjc3NDQ1NzQyMzg=,13
LTMyODEyOTg5MzkzMjYzNjYxOTQ=,13
NTI1OTg2NjAxNzQ3MDYyODM4MQ==,13
LTQwNzI3Mzc0NTQ4MDk4MzQ5OTg=,13
LTM0NTA3MzExMzI2MDE5MTA5NTY=,13
MTMwMDM0MTAwOTU4NDExNzY5Nw==,13
LTc5NTUyNjE5NDY0MDUwMzU2MjA=,13
NTE3NDM0MzczMTcyOTUzMTAxNQ==,13
MzQ1ODk3Mzg4ODQwMDk4MjIzOQ==,13
LTIyNzU1MzM4MjA4MzYyMzU1ODk=,13
NTY2NjQwMjgxNzE0NjcxOTAwMA==,13
LTM1ODUwOTY1MzE1NzU1ODMxNDE=,13
LTMxNDE3OTQ2OTg3OTYxNDMzNzY=,13
LTEyNjkwMzU0MTA3MDg1OTUwMDE=,13
MjU1MTU4NzAyNjU1Nzk0OTQw,13
NzgyOTc3OTE0MTYzOTAyOTMzMA==,13
Nzk1ODE2NjA4NzQ1OTUxMzgzOQ==,13
NjUwODU5OTkyNDkxMzg0NjMwMg==,13
OTY2MDg5MTc4NzI3NzM4NDA=,13
NTEzNzg1NjQ0MTY3MDM1Njc4Ng==,13
MTg5ODk5ODQyNjYyMzIyNDY0NA==,13
NzU5NjI5MTc3NTgxODA5MDA5Mw==,13
Njk0NDE1NTAzMTI5NzI1MTM4Ng==,13
NDA0ODI4MjcwNjcyODUyNDU3Mw==,13
LTUyNDY2MDM2NDE0NjQwNDA1ODM=,13
LTEyNjE5MzQ2NDc2NTc3MjIzMjE=,13
MjIzMDQ0NDIyMDY2NDc1ODMyMQ==,13
MjE3MzcwMzUzOTc4NDc0NTczNA==,13
LTQ4MzA4OTIwOTc1ODk1OTQzMzE=,13
NDc4NjAwMTEzMjQzMDUyODQ2Mg==,13
LTMyMDgzOTgyNjI4NTM3OTEwMDM=,13
LTY2NzI5MzcyNTA0MDk2MzE5MDE=,13
Nzk1MjQyMDY1MTk4NDMxODM4Nw==,13
LTc0NTA5ODU0MjY3NTExNzIwODI=,13
LTQ1NDc3MTU0OTU4NTk0MTgxMTI=,13
LTY3MDE3NTU4ODc4NjcwNTc5MDU=,13
LTQyNjg2NjUyMTkzOTc3ODUzMzk=,13
LTgzNjAxMTQ5ODkyMjIwNDA3MjU=,13
LTQxMjQwMDkwNTUwODQ5Njc4MDE=,13
LTY3NzE3MzAzOTM2MTgzMDYxNDM=,13
NDEwODE1MzY1MDc2MjA0NTE5NQ==,13
MjYyMzg5MzI4MjAxNDQwOTYy,13
LTg3Mzk0NTgzMzU4NTE4NDEzNA==,13
ODI0MjkyODUzMjM1NjE0NDU4OA==,13
LTc2MjM1MjIyMzU2NDIwOTU3MjU=,13
NzM2MTAxOTMzNDcxNzE0MDEzMg==,13
LTI5NzQ1MzExNTQ1MjczMTQ4OTU=,13
LTMxMDIxNTk5NDg4OTE3NDIzNTU=,13
NjQ3Mzg5MTM5MzE3MzI0Mzk2Nw==,13
MzQ3MzEwNzYxNDEwMDM2MTA0MA==,13
LTc5MDQ5MDExNjc0MjQ3NjM2Njg=,13
LTkxMjc3MDcyMDQzOTc2MjIwODA=,13
LTExMzY3ODUyMjM1OTQwNDQ1NTI=,13
MjE4MTUxMzAwNzE5MjAzMzc2Nw==,13
MjUxMzQxMjY5MDA3MDU2MDI1NA==,13
NTg4MDk5OTAxNTg0NTAwNTE0OQ==,13
MTEzMzM4MTc0NDIzOTI3NDgy,13
LTI5OTM3NDE1MDY2OTY2OTcxMDE=,13
LTg5OTY0MTE3MjkzODI3NzMwMzc=,13
LTcwNDg3ODcxODA1OTQ4NDk1MDU=,13
MjE0NDgwMDE4MTEzNzk3NTcyMg==,13
NDM0ODg0NTQ1ODI5NDQ2NzU5NQ==,13
NTg1MzAzNzQ3MzM0MDI5NTExNQ==,13
NzIwODg2MDM2Mzk2MTEyOTUwNA==,13
ODg3NjI0Mjk4OTQzMTYzNzU4OA==,13
LTE1NTk3MDMzMTA1OTA5MDgxMDI=,13
LTM0NDU4OTA0NTkzMjA4MjM1MTE=,13
NDYxMTMyMzAyMDA4MTE1MDYwMg==,13
LTk4MDYyNTc4MTEzODgwNzAzMQ==,13
LTM0NTk0MzQ2MTI5NjIzMTY1MjI=,13
MTQ2ODEwMDQwNzMwNjE4NzY3MA==,13
LTc1ODc2NjMzOTk1NzQ1MTEwMzY=,13
MTk0ODMzNjc3OTYyMzQ1MTQ0Mw==,13
LTI1MTkyMDQ2NzQyNjEzNDIxODY=,13
NzA0NTM2MDQ5NTkyODQ2NzU3Mw==,13
LTYyNTMwMTYzMTY5OTIxMTg5Mzc=,13
LTYwMjI5NTUzMTA2NjI2MjA4OQ==,13
MTk2Mjk0NTIzNzgzMzM5MjIzMA==,13
ODUxMTYxOTM5ODAwMDU5MjM0Mg==,13
NTc0NjUyMDQ5MjA1ODUyMDg0,13
LTEzMTUxNzgzMzA2NDcyOTQ0Mg==,13
NDc5Nzc0NDgwNzEzMTkyOTc4MQ==,13
NjU1OTY5Nzg2MzExMTAwNzk3MA==,13
LTE0ODg4MDYzNjc0NjYwNTIyMDE=,13
LTc2OTQ4MTY1ODU5ODI1MjIyNQ==,13
NTA1MTc1NTkyMzE1NzcxMzc1Ng==,13
LTc0ODU1NzA4NTcyMzc5MTg3Nzk=,13
MjQ4MDUyNDM3NzY0NzU2MjEwNw==,13
LTg0NDA2OTI3NTAwMjE2ODc4MjQ=,13
MzgyMTc4MTEwOTcyMzc3NzAwOA==,13
LTY0NDk0OTkxODA5MzA5Mjk1Nzk=,13
LTExNjQxMDMyNTc2NTU1MjQ5Mw==,13
LTY4NzExMjcxNDA0MzIyMjY0NTU=,13
LTI2OTg0MzY5MTM0MTc5MzQzMzU=,13
ODgyMDQ0MDUzMDUzMDA4NzE1OQ==,13
MTI1MjIwNjUxNzE5NDY0OTc4NA==,13
LTQzNzE5NzM5MjU0OTgwNTA0Mzc=,13
ODk3NTM3Njk4NDA3NDEyOTczOA==,13
Mzk4NzQ4NTE2NzgyNzc2Nzg1Ng==,13
LTg2Nzg4MTIxNTI1NjQwNzU4Mzg=,13
LTY2NTQ1ODUxODcxMzc2ODk1MTM=,13
LTQ3NDAwNDE1MjY4MDE0MzU5NDM=,13
LTU5MDUxNzA4NTUyNjUwNzM5MDg=,13
LTI2MTM5MzY4NDI5NTg1NDQ1NDM=,13
LTY2MDk5NDY3Mjc1NjczNTM3NDU=,13
LTg3MDY0ODQyMjY1NDM2NTUzNzY=,13
NDcwNDYxMzY3NDU2NzMwNjUy,13
NzIzNDgzMDEzNTI0NjA5MjkzMQ==,13
NzI4ODE2NDUyNDY0MDA2ODE2MQ==,13
LTc3NDc3Mjc3MDAxMTkxOTkzMTI=,13
NjU0NDc0MDgwODA1NjM5MzM4Mw==,13
Nzk1Nzg2MjA1NDA5NDg4NzcyNw==,13
NjUxMDgzMzY5MzY2MDE5ODA2Ng==,13
OTExNzQ1NTAxMjgxMDUxMjE3Mw==,13
LTU0OTQ5MTM1OTI3MTUyMjE5MzQ=,13
LTkzNDg4NjUxODYyNjc0NjMy,13
LTI3MTg2MTMxOTM0NjAzOTE5Mzk=,13
LTYxMTE1Njg1NDQxMDMxMTkwMzk=,13
LTY5MDg0MjY3MjQ0NjExODU1MTU=,13
Njk4Njg1MDM0NjMxMDQyMjQ5MQ==,13
MjQ4NDM3NTMyMjc5ODExNTgxMQ==,13
LTE5MDkwMzMwMTU1NjcxODYyMTM=,13
LTI0NTg2NzEwNjg2MzMyOTc5MDU=,13
LTM0ODM3MzYyOTMyNjQyNzQwMw==,13
NjU4NDgyMDUxNzUwNjU0MTAyNQ==,13
NzU5MDI1OTMwMTYzNzA5ODg3NQ==,13
NTcxMjA1OTI1MTY4MTA2MzE2Nw==,13
Njk4NjM1MTYyMzcxMjc3MDc0Nw==,13
MzgwNDUwNTkxNTc3ODI0OTIyNw==,13
LTkxMDA2NzQ0MTIzNjI2MzIwMDY=,13
NDUxMjY2NjI5Mjg2NDk0Mjg4MQ==,13
MjY1MjI1Mjk2NjIyMTE1MjgzNQ==,13
LTMyNDE3OTc2OTU0MDMwNzkwODI=,13
MTkzNDM2Mzk5MDU3ODMwMTcyMg==,13
NjcwODM1MjI3NjYxNjIyOTYxNg==,13
LTk3MjkyMzM5MzYwMjI5OTA4MA==,13
LTczMTIzNTc4OTM4NzQwMTYxODM=,13
ODAwNzc3OTg5MzE2NzEyMjAy,13
LTcxNzg4MDA5NDI3MjIzNzY4OTU=,13
LTEwMjMwNDE2NjI0OTg3NzY4Mw==,13
MzIxMTYzNDA2NTc1NjgyNjU1Mw==,13
LTgwNzE3MjE2ODk0NTY1MzczOTM=,13
MjU5MzIwNDg2MDQ1MDM1Njg3OQ==,13
MzkzNTAwMTA0MzQ3MTgyMDg1Mw==,13
NzkxOTAzODMyNzIxOTI2ODA0OA==,13
LTY4NzU2NjM0NzYxNjY2MzQ0MDk=,13
ODY4MTkzODI2NjY0NTQ0NjkzNg==,13
LTcxMTgzMzU0NTI5NzIwODk2OTI=,13
LTM0ODAyODgyMTM0ODkwMTY0MDQ=,13
LTQ1NzI3NjQyMjk5MjY2MzkyNDE=,13
MzA4NzU2MzE2MjU4NTE2NzQxMQ==,13
LTY1MDIyNTMwMjU2NDM5OTcwNjA=,13
NjEzNzYwMzk0MTQ2NzI3NDU1OQ==,13
LTczMzk2NTA4MTAxMzM0NTQ5OTY=,13
ODQ3MzA4MDY0Mjc3ODM4MjUwMQ==,13
NzM0MDM1NjAzNTg5MjU5NTQyMg==,13
LTMxMTgzNDc1MTExMjEyNTMwNzk=,13
Njc1NTA5ODUyMTk5Mjc0MjAyOQ==,13
LTMyMTg3NTYxNDQ5MTI0MzkzOTM=,13
NTE5MTk5NzgyODkyMDIyNjU5Nw==,13
LTcxNDMxMDQ1MDQ2MzA4MTA4NzA=,13
LTI2OTQyMjgxMDA5NTQxNDI3NDI=,13
NzIxNjU0MDA1NjQ2NTYzMzAwNA==,13
LTUzMDM2MTU3NDA5Mjk0MDc4NTM=,13
LTQwMDMyNjIwNDQ4NzExNzI0OTg=,13
OTEyODA0NzAwNjE1NTk2MzMxNQ==,13
LTY2MDI5ODIzMjQ4MjYwNzU4Njc=,13
NDkwODU5NzQ4NDg3ODgwNzc0Nw==,13
Mjg3NTMyMTA1MTk3NjgyMjc2MA==,13
LTM3NzE5NjMwNzU1NzkxODA0NTU=,13
NzYzNDk0OTE5MDI1MTEzOTA0NQ==,13
LTY4MDI3OTcwNzEwMTQ2Nzc0NTQ=,13
MzUyODg5NTgzNDYyODk3MzE3MQ==,13
LTMwMzYxMTg4MzkzNjQ1MTQ2NzU=,13
LTIwNjc4OTc5MzE5NjYwMTI3OTQ=,13
LTI0NDgzOTE2NTIzNjYyNjk4MDk=,13
LTU3NzA5NjA2NjEzMDY4NTk5ODE=,13
NjA2MjA1OTMyNjYxNTcwMzcyNg==,13
NDM3MTU3NTczNTI1NTAyNTY4,13
MTI2MTg1OTIzNjU5NjcxNDQ4NA==,13
NTkzNDgyMjY4NTI5OTA5NzYxMg==,13
NzMzNDg5MjM2MzQ5NTM5NzgxNg==,13
NjAyMDM5OTMxOTI3MTQwMzY0Nw==,13
NDIxNDkwMDQ5MjE1MDgyNTEzMQ==,13
LTg5MDYzMTc5MTYzMzg5OTg2NDE=,13
LTUxMjMzMzcyODg1MjQzNjQ1Nzk=,13
LTExNzIzMzAyMDA3NjcwNTUzMjU=,13
LTIwMTY0NzcwNTg4NTUyNTk0ODk=,13
LTQzMDYyMTk4MzE4OTMxNjg0ODY=,13
MjkwMDMwMDg2MjIyNTIwMzk3MQ==,13
NTc2NDg0Nzk2MTIwNTIzMzE5Ng==,13
NjM0NjE4MzQ2OTY1NTI3NzA0NQ==,13
ODk0NDkzNjYxNjM5OTYwMzI1Nw==,13
LTg2MzI2Nzk2MTQ5OTI3MDUyNjQ=,13
Nzc0OTIzMzI3Njg0MjUzNzE0NQ==,13
NjMyODI2ODUzMDAwNDA2NTY5OQ==,13
LTUxNzg4ODIyMTc5MjAzNTAxMjY=,13
LTg4MjE2MzY2NTYyNTM2OTM0ODc=,13
NjM1NTc0MzgwOTg5NTUwMjQzMA==,13
NjQwNjU5MDE1OTYxMjcyNzAz,13
NzA4MDE2Njk5NTAxNDQzMjc3NQ==,13
LTQ0NTgxNzI3OTQ1MzgxNTkzNw==,13
LTM1NTIzNDE0MTkzNDYwNDMyODU=,13
NjU2OTAxMzUyMDE0OTAyNDE5Nw==,13
LTQ0MTExNzc4MDU2MTAxNTcyMjc=,13
NTg0ODY3NjI1NjE0MTA3OTQ2OQ==,13
LTY1MzUzMjI2NzkyMzI5NTI3MjU=,13
ODcyOTU4Nzg1OTM0MTY1OTU1MA==,13
MTYxMTM1NzAxNjY1NTQ2NjA5,13
LTYwOTYyMTQ5MjMxMzY2NDUzODM=,13
MjAyOTExMzYzOTA5ODQ0NjAwNA==,13
OTcyNzk0MTI5OTk2NTIwNjYz,13
LTUwNTg1MTA3Nzc3NjMzMjQyMzY=,13
MjIwMjcwNzI3MzU0NjAzMDY2NQ==,13
LTI1MTE1NTA5OTY3MzcwNzA5NTU=,13
NzQ1ODIxMzk2NTQzNzM3NDI4Mw==,13
LTMyMjY3Nzc5OTU1ODg1NzA3MjM=,13
LTU4NzEwMDUxODUyNjk2MzUyMDE=,13
LTczMjExNTkwNzAwODk0OTYzODc=,13
NTkyMTcxMTUyNjcxNDAxNTcwNg==,13
LTI3NTYxOTg1MzczNzUzODcyMzk=,13
LTUxNTQ1OTcyOTczNDkxOTczNTI=,13
MzI3MjY0Njc4MjM5ODEyNzI3OQ==,13
LTM4Mjk4NTU3NDk2NDUzMzQ1NTE=,13
LTQ4OTg3MzExMTEzMjI4MDYzNTU=,13
Njk0Njc0Njk0MDY3MTE3MjM5OA==,13
LTM2ODYxNjU4MjY5MDY4NTQzMzg=,13
MjI3ODYzMTk5NTU5NDExMDk4OA==,13
NDg4OTA2OTYwNzYzNjgzNDAzNg==,13
LTY0MjM4NDE5ODE4NzQwNTY2MzU=,13
LTMyNjgxODY4MzYxNjE0NjU5Mzc=,13
NTA0NDE4MzQzNDcyMDQwNzQ3NA==,13
LTQxMzMzMzM0MDIxOTAwNzQzMjI=,13
LTQ1Mzc5MDc5MzY3NjI0NjIzMDg=,13
LTI4NTMzMDE0ODI4MDUwNzI1Mjc=,13
LTY5MTM2NDI3MDM2NDUwMDk1NjA=,13
MzM0ODgxMjEzODE2Njc4NzA5NQ==,13
NTE3MTU2MjUxMTU2MjcxMzIxNg==,13
LTM2MzIyMzkyMzU5NTQwNTUzMjM=,13
LTI5MDgzMzc1NjQxMTYyNjQyMzE=,13
ODA3MTkzNjU1NTYyMDExMzIzMg==,13
ODk2MjY4NzY5NzE1MzIwMzQwMA==,13
ODUyNjg3MjU2NzE1OTExNDM5NQ==,13
Mjk1NzIzNTE3MjMzNTE4MjQ0OQ==,13
NTQwMjM0MDgzNTUyNjc2NjQwMA==,13
LTcwOTI5NjkwMDM5ODgzODIyNTk=,13
NjAxOTA4NjQyOTQ0MzQwMjUwNg==,13
NjI4OTMyMzkxNzMyNzQwNzU0NQ==,13
LTM1MjAyMDE1ODgyMTc3NDMyNTk=,13
NDk5OTE2MzUyMjg3ODY4MDY1OQ==,13
LTQyMDI5MDkzNjQ1ODYxMTk0MDI=,13
NTEyNDQ0NDc0NTE2NjIyMjU0Ng==,13
NTM3MTU0Nzk5ODE3NzAzNjI3NQ==,13
LTUwNjg0OTIyOTEwNzY1MTM4MzM=,13
LTM5NjUwMDkxOTYzNTU0OTM5Nzc=,13
MjA4OTA2ODgyNTM5MDA3MzgxOQ==,13
LTY2NjU1MjM4ODQ0Mjk0NzA4MzU=,13
Njc4ODUwNzQ4MjI2MDI2ODY5MA==,13
MjkwNzQ2NDc2MDYxNzkyNjQ2Mw==,13
LTE0ODI1NTYwMzQwNTkzODI4ODk=,13
LTg4NTAyNTEzODQ2NDgwNTY3Mzk=,13
LTMyMjU2MjEzNDYwNTY2NjUzMjI=,13
LTE1MTI0Njc3NzYyNDkyMDE1NTc=,13
NDAxMjA5MTEwOTYxNzc0NjQ4Nw==,13
MTgzNjI5Njc2Mzc0NzM5Mjc0,13
MzkwMTAwNDA4NzE5NzAyMDUzOQ==,13
MTI2NDc0NTE2NTMwMjgwNzI1Ng==,13
LTEzMzI4NzExOTUzMjc4ODYxNTY=,13
LTQ5MzIwMzI1ODczNDg2MDU0MTM=,13
LTU2MTQ3NTY4MjI3NjAyMzU1NDg=,13
LTQ0MTg1OTk0NTQyNDI3MDE5MDQ=,13
LTI3OTA3NTY2OTA0MTM3MDI2OTQ=,13
LTU1NTcyNzgyODkxNTEwMTUzMDU=,13
NjM2MTg2Nzk2NzQxMDAyMjk3Nw==,13
NDI2NTQ2ODI0NzcyMDY4NjM4OA==,13
LTExNDI0MTY1OTE3NzA3Nzk3MDg=,13
Mzg4MTU4MTQ1OTQ4MzcwOTcxMA==,13
MTg1NzIxNTI1MzA0MDg5NDY0OQ==,13
LTUyNTQzNTMzMjUxMTcwMzI0MTU=,13
LTQ3NzMxOTQ3OTg4MjM0MTcxMjg=,13
ODQxNDEwODQxMzY4NzkyMjc2Mg==,13
Njg2OTA2NDIzNzcyOTc2Mjc3,13
NDYyOTExODg3MjkwNTAzNTEyNw==,13
LTc4ODkwNjM0MTYzNzM2NzEwMw==,13
LTYxMzE0NzI4MDE5ODQ5NDk5MzI=,13
ODc2ODAyOTg3MDkyMTI5MTQ1OA==,13
LTg2NjY5MDM3OTgxNzI2Nzg2NjE=,13
LTI4MDA4NzA2NTA4MDU2NzQzMTc=,13
LTU2MDU1MzE2MDgwMzMwMjE2NTA=,13
LTY4NTYyMDQ3MTkzNzIyMTc4NzM=,13
LTE2OTkyNzAyNjQ4NDM4NzkxNzY=,13
MTk1ODI2MzQ1ODk3NjkzNjA1NA==,13
LTYwNzk5Njg0MDY0NTkzMzI0NzU=,13
LTIzMDkwNDExNjc4MTMxNzA5NTA=,13
MzE5NjExNTQxMDkwMjE4Nzc2MQ==,13
NjM1MDU0OTQwMTAyMDg1NTQ0NQ==,13
LTExMjI4OTU4NjQzMjMyMTY4MTI=,13
ODgxNTIyNjQyNjM5NzQ5NjAxMg==,13
LTczNDI5OTgwODgyMzI4MTc5NTQ=,13
NzA4MTM5MzM0MDYzOTIxNjc2NA==,13
LTgxNDM5MjI3MDgzMTgyOTQ0ODU=,13
NjkyODAxMzA3MDI5NzcwODQxMw==,13
ODMyMjgyODU0OTY1NjQ5ODcxMQ==,13
NDA4NzQ1MTc1NTY5NjQ0NzAxMQ==,13
LTYxNjcxNjc3NjMxOTkzODk1NjU=,13
LTc1MTY5OTA5MjgyMjQzMDYxMjc=,13
MjE2OTU0NzAwMjM2OTIyNDIyOA==,13
LTQ3Njk5MDM0NjI4NDY2NzIzMzM=,13
NDI3MzMzNjg4MzI2OTQwMzU2NA==,13
LTI2ODkyMzIwMDA5NTM4Mjk5NjQ=,13
LTExNzMwNTAxODU0MTU5OTc5NTY=,13
LTIwMzc0Mzc5NzAxMjg3MzIxOTk=,13
LTMyNjk2OTY4OTI1MzA3ODEwNzE=,13
NzI5NzExNzA1ODQ0ODA0NzY0OQ==,13
LTYxODUxNTUxMTE3MDU2MzI1NjQ=,13
NjM3MzQ3NjI0NjMwNzk2ODcyOQ==,13
MzMxOTQxODY3Njg1NDUyMDI3NQ==,13
LTUzODM5NTU0OTk4MjM2MDgzMzM=,13
Mzc4MTM3NzEzNDMyMjk0ODA1Ng==,13
LTEwNDQyODI2ODM2OTAxODM2ODY=,13
LTM5MjA0NjYzOTM4MzcwNzA2NDI=,13
NjU1Nzg2NjA1MzQyMzc0NDQyMg==,13
NzU1NTMzMDMwNTYwMTMyMTE2OA==,13
LTM1MDU3MTcwNDM3Mjg0NzY4NzE=,13
LTU2ODIyODk4NTg4NjUzMzE3MQ==,13
Njg3ODkyNjQ5NTQ2NDUyODUz,13
NDcyNTM2NzE1NzY1OTQ3NDc3NQ==,13
LTYxNDI2NjgxMDA5MjI1MTI4OTU=,13
LTYwODQwNjk0ODk1OTg5NjY2OTI=,13
NzM0MzI3ODUyMTIwNzc3MDg4Mw==,13
NjUzMDE0OTgwMzI0ODU1NTYyNw==,13
LTkwNTQwNjkzMTM5MjYzMTYwMjc=,13
Nzk2MjI5ODIwMjExNjU1NjU3OQ==,13
Mzc4OTU2MjU2NDg0MzQzMDk1Nw==,13
MTA2NzU1ODE2OTI3NjEwMzg2Mw==,13
MjEyNzMzNzc5MTE1MDgwMDUzNQ==,13
ODM1OTk0ODM1NDcyMDg5MzIwNw==,13
NzYxNjQxNDQ0MzkxMzAzMzYyMQ==,13
LTY1NjcwNDk0MzUyNjM2ODEzMjI=,13
MTM1MDUyMTIxMDI3ODMzNDA5NA==,13
LTQ4NjA4NTg1MzQ0NzI3NzU3Ng==,13
LTg5MDY3ODY5NTI4ODQzNjU0Nzc=,13
LTY4NzA5ODQ5MzA5Mzg0MDEwOTc=,13
LTg0MzI4OTY3NDQxNDc3NA==,13
NzA0NTc2OTYwNzQ0MjA4MzQ1MQ==,13
LTY3NjQ1NzM2NTY3NzU4NDc2Nw==,13
LTU3MzA5ODE4NDU3NDUyMDUzNjA=,13
LTIyNjM1MjY3NTE5MTI1MjI4NTI=,13
NzA1NTA5MTM3NDEzMDA2MTU0Nw==,13
MTc5NTQ3Njc4Nzk0NzA5MzE3MQ==,13
LTc0MTQ0NzIwOTQzMDMzNTYwMzg=,13
LTQ5NjcwMTgxMDc1ODAxMTEwNDA=,13
LTYwNzM1ODQ2NTM5MTc3NzI4MDE=,13
MTUzOTU0NTM0NDM2MDQ3OTA3MQ==,13
LTI1MDAwNjgwMzkzOTIzMTQxNg==,13
LTY5MzE5MDExNjU5MTczMDY0OTg=,13
NDg2ODYyMjk3NzEwNzEyOTY5MA==,13
LTkxMDkyNjk1NzQ4ODI4NDU5NDA=,13
LTkxMDI4NDEwMzc5NDE5Mjc3NzQ=,13
LTMyNzc1NDcxODU0MjA4NjAyNDc=,13
MjgyODE4ODI4NDY1MDU5MjM5NA==,13
NjYzNzg4NjM2NTgxMTQ0NDM5OA==,13
LTU3MzA4NjQwNTQ0OTAzMTMzOTQ=,13
LTU2MTc1ODM4NTUzMDIxNzYwMzE=,13
LTUzNjcwOTAxOTE0NDAzMTc0Nzg=,13
MjA5NzcwMzY3NDg2NDYzNzM=,13
LTg5OTA4MTM0NDY2NTQ4MTEyOQ==,13
LTM5OTgyNDQ0Mzg2NDU0OTk5NTA=,13
LTYzOTEzNTk5MTc2NTQxOTk3MTI=,13
LTIwNzE0MzQzMTA1NzM2ODU1MTk=,13
LTQ5MzIwMjQ2NzAwODIzMzU1Mg==,13
MjAxNzg4NzQzMTQ5OTkzMTA4Ng==,13
NDgwMjE1MTYyMTAzNDYyNTk2Mg==,13
LTExNjcyNTQ1ODA2NzMzNzk3MzA=,13
NTQ0NjQxNTgyNTgwMDgzMzk3Nw==,13
MTEyNTE2NTc5MTY2MTE4ODk1,13
LTEzNzI1OTY0NjI0MDk5MTc1NzA=,13
LTM5MTQyODI1OTE4NzE3MzU2ODM=,13
Mzg1MTk3NjY2NzM1NjQ2MDkzNg==,13
LTQzNTkxMjU3NDkxNzMxMTk5Njk=,13
LTQ3OTI5OTU5MDA5OTIxNDM5Mw==,14
LTc5MDYxMzY3Mzk2NzAzMTA5NDI=,14
MjU1MjExMDkzMzY3MDU3NjU0Nw==,14
ODUzMDMzOTkwMDQwNDYwNTk0Mg==,14
LTY0NjcxODI4Mzk1MjAxMzAwMTc=,14
LTM2Mzg0MTIzMjQ5ODQ3OTc1NDU=,14
NTAzNDQ1NDM5NDA1Nzg4NTg1Mw==,14
LTUyMzE3NTQyMjM3NzMxNjA2OTg=,14
MzQzMzAyMDg5NjE4ODI5MTg1MQ==,14
NjY3Mzk3NDI3NjY0MDY4NzkxNw==,14
NzgxNjE4NTEzODQ1MTQ4MDA2MA==,14
MTYzOTU4NDk0Mjg4NDIyMzcyNA==,14
OTE5MTk5MDk4ODM2MjgzMTIyMw==,14
LTgxOTAwMjQzMzczNDgxODQ4NjQ=,14
MjU1MzYwMjI1MjExMzIyNjAyOA==,14
LTg1MTE3ODAzMDY5MDU5NjM2MTU=,14
LTE1Mzc5OTQ5Njc2MzkyMzQ4ODA=,14
ODQ5MzgzMDg3Mzc4MzU0ODg2MA==,14
LTc3MDA2ODg3NTQ0NTUzMjg4MTU=,14
NzE0ODE1ODY3MjM3MDYzODIxMw==,14
LTExMzI2ODAzNzAzMTQwODQ1NjU=,14
LTIxNTE3OTA3OTg3NTI3NTc3ODQ=,14
LTg0NDMzNTM0NTc5MDAzNDY5MDQ=,14
LTgyMDI5ODYzMzk3MTkxNTIyNDM=,14
ODA4NjY1MDcyOTAwMzE1NzAxMQ==,14
NDc1MzQ2MTE1MDQ4MDE3NDc4NA==,14
NDgyNzMyMzA2MTM1MDIwODQ4Nw==,14
MzIzNDczNTE1MTgwMzI0MjcxOQ==,14
LTUwNjY0NDYxMDE1MTA2MjM0MDc=,14
NjI4MDgyNDUzMjE3ODU3MTY4NQ==,14
LTY2ODQ1MzM4MjQyMDkzODE1NDA=,14
NDAzNzUyNDg5NDcyMTgzNTY1Nw==,14
LTIwODA1MzE1ODQyNjA0NDUwNDQ=,14
LTQ4NTgzNjE0MTY0NTIxMjg4MzI=,14
MzA2ODEzNzg4NTM5NzY2NDI5NA==,14
LTY0NTQyOTkxOTkxNDcxODgzMDU=,14
MzI4NTYwNzgyNTE1NDY1Mjg2Ng==,14
LTk0NTQxOTgyMDA2NDI2ODIwMQ==,14
MTg5ODc5MjY2MDE0NjYzNTQ1Mg==,14
ODY1NTg5MTg1Nzc2MDUxNjU2Mw==,14
NjE3MDMyNjY2NjIxNTA5ODk3OQ==,14
NDk3NTIxNTA5MDYxMjQyNzAzNg==,14
NjIyODcyMTMxMjI4MzM5OTY3Mg==,14
LTgxOTM5Mzg2MTMwNzM4NjQzNzg=,14
LTY4NDE0NTgzNjgwMzM2MDg4Njk=,14
LTQ4NjcxMTIzOTI4MTc1NzExMTc=,14
NzkzNDEwMDU5MDA2NTQ3MTY3NA==,14
LTc2MjkzMjA4NjQ5OTMyMjQ4Mg==,14
MzA3MjQ0MDA2OTU5MjgxOTEyMw==,14
NTMzNTk1ODk2ODMwMzU3MTA3MQ==,14
LTU5MjM1NzExMTc1MDYyNTA3NTc=,14
NzAyMDM5Nzc5MDI2Mzc5NTIwNA==,14
NTg5NTAwMDE1MTUxMjY5NjAxNg==,14
NjkzNzUxNjM3NjM0OTcyODU2Ng==,14
LTc3ODQwMjEyMDg3NTgyMjQ4Mjc=,14
LTM5NzUxMzQwNjk0MDIwNTQyMjg=,14
NDI3NDg3ODMzMTgzNjE3OTQyNg==,14
MzE0MjEwNTQyMjA4MzU1OTg4Nw==,14
LTE4MTAwNDIxODI2MDQwNDQ5MjA=,14
LTg3Nzk5MDMwNTg0NTg1MDMwNjU=,14
LTY0MDQ2ODkyMDcwNjU3MzI5NzU=,14
LTYxNjQ3MTA2NjU4OTEwMTMyNzM=,14
MTc2MTQzNjE2MDEwMDg1MjM0NQ==,14
MzkwNDM3MzM5MjkxOTM4ODk0Nw==,14
LTQ3NzI2MjM2MjkzNzg0OTczMTI=,14
MTI2MTMzMDc1MDI4OTYyNjI1NQ==,14
LTI5MDEyMDcxNTgzOTgyNTQyMTk=,14
LTkxMDMzNzM2Mzg5OTI2MzE4Mzk=,14
LTQxMDM1MTg1NzIxMTU1NzMyNjM=,14
LTI3ODMwNzY0MTA0MTA1MDYwMzc=,14
NDY3NzY2Nzk3NjMxNjM1MDgz,14
LTM0OTU0MjczNzc0MTk0MDcwMDI=,14
LTkzMTI2Mzk1NTQ3MTM2MjIzMg==,14
NjA1NzkxNzEwNDg5ODMzNjM0Mg==,14
LTMyMzM1NTA1MzkwODMyNDc4NjQ=,14
LTE5ODY3Njc5NDM4MTMwMDU0NDc=,14
NzgyNDMxNTAwNTQ5NjE0MjM0Mw==,14
LTIzMTQ5NDc4ODc1MDU3NjY0ODI=,14
Mjk2MzEwMTQ3MDA3MTcxMjY2Nw==,14
NDUzMzI4NjMxMDgwNDYwNjAzNg==,14
OTE1NDg4MDExNjA0MTg0NjUyNg==,14
LTcwNDg3MjkzODMwNDQ1NzkxOTY=,14
LTYzODAyNjkxMTgwMjMxMTY3ODM=,14
LTU5MzUyNzU5ODM0MzI3MjM1NTk=,14
LTE5MTkzMzQzMDU0NTA1ODIwNzk=,14
LTI2NDc1NzQ2ODE2MzA3ODE1NzU=,14
LTc4MTIwNDMzNjk4MzUyNzM0MzE=,14
LTY1NDE0ODMzOTA0NTAwOTAzMjQ=,14
MjAyNzI0NjY0MzM2MDI1NDgx,14
LTE2NjI1OTU4MjQ1OTA5ODg4NjI=,14
MzM0NTMwMzQ1Mzg1ODYxMzY0NQ==,14
LTc5MDQ0NjExNzE3Njc3NzE3OTY=,14
NDkxNjE3Nzc3NjQxMDgyNjU2OQ==,14
MzY3NjQ3MzQ0NjAzOTY0Nzc4Ng==,14
ODE0OTMxMDE1NDAzMjk1MzgyNQ==,14
MjQyMTQ5NDU1Nzk5MzY4MDc5OA==,14
MjEwMjgwMTQ2ODk1MDUzMjE3Ng==,14
LTU4MjAyOTY2MjY3OTM2MjM0NjE=,14
NDIxNDg0NjY4ODkxNzc1MzIzNA==,14
LTE2NDY3ODAxMzQ3MjI1MzM4MDU=,14
Nzg0NDA5Njk5ODU4NDg3NTQ0Nw==,14
LTg0NzI0Njc3MzQ3MDQ1NTI0Mw==,14
Njk5NDIxNTI2ODMyNzU4MjcwMw==,14
Mzc1Mjc4NTQ1NDU4NDA5NTQ2,14
LTg3ODA1NDcyODYwNTA0MDMzMDM=,14
NDQ1NDI2MDY2MDQ4MTEyNjYwMg==,14
LTQ1MzI3NTU2NDAyNjc3ODY0MTM=,14
NTYyMDE1ODk3OTQ3ODMwODM3NA==,14
NzkxNTQ2Mjk4MDQ2NTkyMzMxMw==,14
LTI1Mzc3NTg3Njk2NzcwMzg4Mzg=,14
LTY1MjUyMzIwNzc4Njc2Njc1Mjk=,14
MjY4MTkyMTg3MzQ3NTg2NDM2Nw==,14
LTg1Mzc3NDQ5MzI5OTkyMzU5MQ==,14
NTgwOTAzNTE1MjA4NzgyODU4MQ==,14
NTgxNDk3NTEwMDgzMjcyNjM2Nw==,14
MzkxMDI5NzQ3OTgyODk2MzM0MA==,14
MzQ5NjI5MzQwOTM1NTczODU2MA==,14
LTEwNjQ4NjY4NjExMDEwNTMyMTg=,14
LTg4MjMxMzQ0OTE5OTAxMTA0OA==,14
ODQ2NzI0Mjk1MTc1MzM5NDk0Mw==,14
LTIyMTIyNzE2OTc1NTI0NTIxNDY=,14
LTcyMDc4NzkxNDAwOTgwMjE1Nzc=,14
LTc4NzIzODQxNjkxMTU2MzQ0Mzg=,14
MzgwODE0MzI2MDIyMTA2MzYwNA==,14
LTQwNzU5MTkwNjM3MjQzNDg3NDQ=,14
LTQ5MjczNjMxMDE1MTU3MTQ3OTI=,14
LTQzMTI4MzYyNTk2NzQ3MDE2OTM=,14
LTY1OTYyNDgwNTQwMTM3ODczMQ==,14
NjUxMzYzMzQ5NDY3MTI0Mjg4NQ==,14
LTI2NzU4OTI4NDQ1MzYxMTgyOTQ=,14
LTMwMzI1NTc4MjU3MDYxNjI5ODM=,14
LTI4MDA3NzYzMjExNjExNjM2MDE=,14
LTM1MzY2OTA5NDQ5MzkwNzk2NDU=,14
LTcwODM3ODU1NTMyNzkxMDgwMjU=,14
LTQ0MTQwMjEzMDM0NjQ4MzgyMzg=,14
LTI2NjAzMDQ3NjcwODQ4MzQxMjY=,14
LTcxNTQ5ODkyNDA5MjMwODY1MTQ=,14
MzU3Nzk2NzczODU0NTE4ODM2MQ==,14
NTk2NDQzMTc4MzIxMTE3MDczNg==,14
LTQ2NjgzMjE0NDI1NDk3MjM5NDQ=,14
LTc1NTI3MzMyOTE0ODc0MTMyNzA=,14
NjU3MDc4OTAzMDIyMjc0Mzg0OA==,14
LTc1OTc5NzY0NjQ5OTU3MzA1MzY=,14
Njk4NTMyMDk3OTg1MTk0NDU4Mw==,14
MzA1NDg2NDQ3MjQ0NDMzNDQxNA==,14
NTM5OTUwNDAyNDUzOTI5MzM4MQ==,14
ODcyNTAzNjQyMTc5NDA5MDgwNg==,14
LTQzMjk4MjU3MjY2MTI5NzQ2NDA=,14
LTg3MTczMDAyNzQ2MzQ2NzQyNTQ=,14
NjA4ODg3MzQ2NzQ2OTIzMTU0Ng==,14
LTc2MTAwMjEyNDE2MDYxMjU3MTA=,14
LTE5MDQyNDUwMTc5NTk3NTQ0ODI=,14
LTE3Mzc3MjE0OTEyODczMjU2Nzg=,14
ODE1ODM3ODYwNzAwNDM2MzgyNg==,14
NjU4NDYzNjYzMzA3NzAyNTc5OA==,14
Nzc5MDE4MjM0OTg5ODQ5MDk1MA==,14
LTQ2NzI5MDc0NzA2NTIwNjA2ODc=,14
Njk0MTQ1OTE4MDQzMTg4MjU2OA==,14
NzM3NzE4Mzk1OTgyOTkwOTc2Ng==,14
LTI0MTU1ODc0NzU1MjIyNTE5MzA=,14
NDY3MzYwNTgzMjc2MjQwMTk5OA==,14
LTQyNTUxMTY4MTM2MDY5NTQ0Nzc=,14
ODMxOTA1MTMzMTc4MDgwMDczMA==,14
LTUzMzEzNzA0Njg0ODU1MTgwMg==,14
LTk1ODQzNzIwMTIzODcyNjgzMQ==,14
NjkzOTg5MjkyMDg5NjYyMzMzNA==,14
LTM3Nzg3MzMwNDU1MjU2OTg0MjM=,14
MzM0OTQ3OTI0OTIzNzQzMzE=,14
NDIyMjQwNjI2NDQ4NDE5MzkzOQ==,14
ODEzODI2NTY2MDA3NjU5NzQ0,14
MTM2MDMxMzgzMzczNzI1MTAzNQ==,14
LTMzMTMwOTAzOTQ0MTk4MDQ5NDg=,14
MjM4NDk3NDc5MzAzNzI4NjczNA==,14
LTg2ODc0MjIwNjU2ODgwOTcyMDU=,14
MzUwNjQ4MTczMDk5NDE0Nzg4OQ==,14
LTM5Njc3MzUzNzI5Mjk5NTAxNTc=,14
Mjc3MzQ5NjUyOTU1NjMzNDAxNA==,14
NDMwMTUxMTY3NzMyNzgxNDA3NA==,14
LTM3OTkxMDA5NjM4NjU2OTg2ODM=,14
LTc2NzQxNzkzNDI0MjgwMDM1NjU=,14
LTg0Mjk3ODc5NTA5NDU1MjcwOTY=,14
LTI1NjA2NDcwMjExMDAwNTg0MDY=,14
NTI1ODEyNDUxMDEwNzQ2MTQx,14
LTU2NTI5OTk5NTczOTk1Mjg0MzM=,14
LTE2NDU4OTgxODc0NTM4NDQ1NzU=,14
LTQxNjgzODQwNzcxMzM1MDA3ODM=,14
ODUwNjE0MDA5NzY3MDUyODM1NQ==,14
NDM0NjY1MTc2OTg5ODgyMjE1NA==,14
LTM1OTIyMDk0MTkyMjgwNjM1MzQ=,14
LTg0MjIyNDU4Mzc5MDcxMzkz,14
LTc4MDY1MDM1NzUxOTIzNjIzNjc=,14
LTYzNDMwNzAwNTIwODE2NTU1NDM=,14
LTMwMjA1ODUwNTQ4MzE3NTczNA==,14
NzkzNDc1MTU3MjY4MTAwMDQ0OA==,14
MTgxMDc3MDA1MDgzMDQwMDAxOA==,14
NzM3NTk5OTIxNjEyNDE0NTYzNA==,14
ODEwODIyNTEwNjU1NDEwMDU5OA==,14
NDIxODk3MDg4NjExMjU0NDM5Ng==,14
LTQ2MzE5NDMwODgwOTg5Mjg5Njk=,14
LTMxODI1NzYzNTEwNTY2NDQ3MjY=,14
MzIzNDQyNzc4OTQxNDE5NDQxNw==,14
LTU5NTQ4NjcyNTg1NjQyMjE5Njk=,14
NjcwNDU4MzU3NTU4OTM5NzQzNA==,14
LTc4MzI5NDUzNjkxMDU0NTgxMg==,14
NzcyMjA1MTE2MDUzODc0NDA0NA==,14
NDMyNDk5NjUxMDg4NDU5Mzg5Mg==,14
LTYwMDE2NTQyMjQ3NTQ5MzY5OTE=,14
LTc3Mjk2OTIxMDU5NjI4MzY3Nzk=,14
NTQ5NzMxNzk4NDg2MDM2MTk3NQ==,14
LTQ0MDQ5MjM4ODM3MTc0MjQ1NTU=,14
LTgwODc3NTE5NjMyMzI1NDA5NTg=,14
LTI4OTk1NDMxNTg0MDY2MTU4Nzg=,14
MTA1NzA4Mzg4NDQ1OTQxNzgzMQ==,14
LTQzMjc0NzkwNzE0OTA5NjM1MTU=,14
LTU1MzQwODg2NTAxNDkxMTM5ODg=,14
ODUyNDIwNzI4NTE0OTQxODMxMQ==,14
LTc3MDMwNjAyOTYwODE5NDMwOTU=,14
LTM1NjM2ODQ2MzM4MjM3MDE1NTU=,14
NDQ1Nzk4NzY1Mzk4NTkwNDkyMQ==,14
MjMyMDA4MDAxMzI4NTczNjc3Mw==,14
LTMyNDU0MTQ2MDkyNjQxNTc0Mg==,14
LTMzNzc1NjE3NjMyNTgzODQ5NzQ=,14
NTExNDI5NjE0ODI0OTc5MTI5Mg==,14
NDE4ODE2OTk4MDQ3MDYxOTg2Nw==,14
LTU3OTg3MTU5Nzk4MDkyNjc3MDY=,14
NjIzOTgzMzEyNjEzMjA2ODIwMQ==,14
MjY0MDY4NDY3MjQwMDQ5ODExOA==,14
MzIyNDY5MTE3MzE1MzQyOTQzNw==,14
LTQ3MTY0OTUwNDUxNDIwMDk0NzE=,14
LTc5MDE5MzEzMTg4NTA4NTA1NA==,14
MjAyOTc2NTMwMzUwMzQ0NDkxOQ==,14
LTU2MTAwODc5NjU3MDA2NzQ5NDU=,14
LTU0NjY3MTgzOTg5Nzc2ODcyMjk=,14
LTc1MTAyNzIwNTAxNTgxNDMwMDE=,14
NTgyNTM5NTYzNjcxODM5MDkyNw==,14
NDE3NTI5ODU2NjIwNDU5NTE1,14
LTY5NTA5Njk3OTY0ODU5OTg4OQ==,14
NTg5NDI5MDUxNTA3Mjc2NDQ4NA==,14
NDk1NDc1MzUwNzYxNDE3ODMyNw==,14
ODMyMjAyMTQyMDgyMDcxOTA4OA==,14
LTQxNDc2NjM3NDE3OTMyMjc1OTI=,14
LTkwMTQyNTExODYzMjg5NTU3NjQ=,14
NTYxOTY1NjM1NjgyOTc5NTA1NQ==,14
NjgxOTk1MzEzNjc3MzIyOTQ2MA==,14
MjcxMjk0OTA0NTg4MDcwODU5Mw==,14
LTIwMTA5NzMzNjA4MzE1MzgyMjM=,14
LTMzMTkyMzcwNDE2MDYzMDE4MTQ=,14
LTEyMDY2MzA4NDIwMDYxMTEzNzA=,14
MzYwNTc1MzI2MDQxMDY1NjQ1OA==,14
LTUxNzE4NTYzMzUzNzY3MDgyNTg=,14
NjIyNjk2NDc5NjczNTE3NzY3NA==,14
Mzk3MzU5MTYxOTQ4NzcwMTk0Ng==,14
MTcxOTMxODYwNjA0OTMzNDUyNw==,14
NDAxODk1OTQxMTE2NTE4MjQ4Mg==,14
LTQyMTQwMzQ1OTc1ODk5OTYyOTA=,14
MjM1Njc4ODU4MjQ2MzMyMjk4MQ==,14
LTc0MDEyOTk2OTMwMDk3ODA4NTE=,14
NDYwMzU0MTkyMzY0NzgzMTk5OQ==,14
NTUxNzU2NTAxMTY1MjkyNDk4Mg==,14
Nzc4OTU5Mzg3MjU4NjYyODE=,14
LTY2NjY4Mjk5NDk1OTc4MTQwMTM=,14
NDI3OTgyMjUyMDUyNzQ3MTU5NA==,14
LTg4NjEyMDE0MTA1NjY3NDQ1MDM=,14
LTI3MzQzMjU5OTIwNTc2MDYyMzI=,14
LTc3MTM1MTA4ODI4NzE3NjE1Ng==,14
LTg0NDcxNDk2MTc3MTc4NjE1Njg=,14
LTc4NDgxNDk1MzkwMjA0NDg0ODM=,14
LTcyMTcwOTY3NTgxNTE0Njk5NDE=,14
NjczMjIyNzQ4ODc3NzYzNjk0,14
LTcyMjkyNDI5NjM0NjU2NjYxMA==,14
LTg0NTg0ODQxMTY2MTYxNDE2ODU=,14
LTUwNTIwNjQ1NjMzOTUyMTUwMjE=,14
LTgzODcwNTc3MDQ2MDYxMjc2Mzg=,14
MTUzMTUwODQ4NDUwMjMxNDk0NA==,14
LTU0ODY4NTUyMTg2NDA5OTkzNjY=,14
LTMxODQyMjEzNjI1NzYxMzM0ODQ=,14
LTcxNDk5NTYzODE0OTk5NDc1NDI=,14
MjM5MjU2NTI3MjE1MjAzNjk5NA==,14
MjAxMTA5MjE1MDE2NjM1NjEwMg==,14
MjQxMTY2MDU3MjIwMDEwNTI2MA==,14
LTE1NzY1OTQxNjI0NDAzNTA3NjE=,14
LTEyODM2OTc2MDEzNTA1NzQ4MTg=,14
NTc4OTczNjAyMzk1MTQ0MTM1NA==,14
LTU3MjUyODU2OTc1OTQyODk4,14
NTQ1NzM2NTYyMDY2NjgwMjE=,14
LTc2NTU2MjYwMTI1ODg1NDE3MjM=,14
Nzk2NzgzODQ4ODU0MDQ4MTcxMg==,14
NTA1NzIwMzg1MzgwMTczNzM2Mg==,14
Mjg4MDY5MTA0MTY2NDEzNTg0Mw==,14
NzY5MTg5ODQzMjQ3ODUwMTEwNg==,14
NjA5NjM4Njc5MzUwMDgzMzE0Ng==,14
LTQ4NTk2Mjg0Mzg5NjE0MDAyNjE=,14
NjI3NzQ4MjY3NzI2MTY1NzY0Mg==,14
LTE5NDY4OTQyNDQzMzMyMjQzOTc=,14
NDk2NTg5MzU4MzQ1ODM4ODMxNQ==,14
LTUwNDY3MDM1ODExMDMzNzMzMTM=,14
LTM2OTkxMDgwMDUyNDU3MzgyMQ==,14
LTQyOTE3NjE4MzE0MTYxMjAzOQ==,14
LTU3MjU3MjEyOTUzOTYwNzkxNzE=,14
LTMyMzkxMzcwNzc4OTI1MDQ3OA==,14
LTkxNDU2OTkyNDExODcyMzYzOA==,14
Njk3ODI3NDQ3ODQ3MTYzMTU0Ng==,14
OTA1MTc3NjUzODI3MjY1MzU0MQ==,14
LTIzNDI4NzUxMTk3NDMyNjY5MzE=,14
NTQzNTM2MjU5MzMzOTkyMjk0Ng==,14
LTU1NjkzNjA1ODU3MDA0OTc5MjM=,14
LTMzMzQyMjg4NTA1NTI5NTk1ODM=,14
ODQ5Mzc1MzE0MjYxMTcwNTI5NA==,14
NTk2ODkyNjEzNzg1MjQ1ODc=,14
NTY1Mjk4Njk2OTE2Nzk0NDcyNA==,14
NjM5OTI5ODQxNzc5NjE1NzI4MQ==,14
LTM3MDE1MTkyNzIzMTYxNzQwNw==,14
LTY2MTk0MTE1MjE4NTk4NTYzMTY=,14
LTcyNTgxMDA3ODExNzA1MTE1NDQ=,14
LTc3NjE2NzQyMzM3NTQ2MTM1OTE=,14
OTIxOTc2Nzg0OTc2NTQwMjI3NA==,14
Mjg0MzI3MTA5MzIxNDU4MDM5OA==,14
ODI2NTAyNzcwODI1MzQ4OTMzMw==,14
LTE4MjQ1OTMwMzAyODU0ODQ0Nzc=,14
MTg0MTczODExNDg2OTI2MDE5Mg==,14
ODYwMzkxNTQ3MDQ5NTEwMzI1Mg==,14
LTE4ODk5MjU3NjAxMjc0MjkzMjA=,14
LTMzOTYzMTEwMzM1MzUxNzc2NjE=,14
MjEwMzkwMDY5MzIyMjkzMDg4Mw==,14
MTgxMzEzMTAzNTIxNzI3ODc1MQ==,14
LTQxNDcyMTYxMzA0OTg0ODAxMjY=,14
LTYwNDg4NDU5NTA5NTM3MTM1NjA=,14
NzAxNzk4OTk4MjExMDMwOTIwOA==,14
LTkwMzU1Mjc4MDQxOTU2ODk3NTY=,14
LTI4NzUwMTAzODM4MDkyMTM4Mw==,14
NzMwNTczNzQ4NzU2OTgwOTg2Nw==,14
LTc2MTczMzY0MTE4ODA5OTMzODM=,14
MTU1MjEwODg0MjczOTg1MTM0Mw==,14
OTE5OTUwNTgxMTY3MDQ1MDIyMg==,14
MzM5MjkyNDQxNDY4Njk0Mjk4MA==,14
MzQ3NDg2NTAzNzM4NDc2ODQzMw==,14
MzQzMDI5OTMzMzU1ODk0MTM1NQ==,14
OTIwMjI3NTA1OTk4Njg0Njk1MQ==,14
NzM1MzY1NzA1OTk0MDk0NTI2Nw==,14
LTE3MjExOTEyNzI3NzU5NDY2MDg=,14
LTExMTI4NjU5MDc2NjQ5ODQ4MzI=,14
LTUzMTEyNzIyMDk2MzU5MTc3MjE=,14
LTM1NzI1MjY0MjYyMjYxMjU0NDc=,14
LTU5ODAyMTgyMDI3NzYzNDczMTk=,14
LTY5NzE4OTkyNDA4MTg4NjA4OTA=,14
MjI2MjM4NjAxNzEyMDY1ODkzNg==,14
LTcwNDQ3OTM0ODU4NDA3MzgwMTg=,14
LTU4MTk0MzEwOTM0NDQyNjE1MDY=,14
LTM1NDQzODU0NzIwOTM5OTM2MjM=,14
LTkwMzM5MDE4OTg0OTg1MzY1NDQ=,14
NjQ4MTEyMjE3NzM2NzE3ODE0MA==,14
LTM0MDEyOTM5MDQ2MjI1ODA1NjA=,14
MTkxMjYxNDAxMDQyOTU0MDQ4Mg==,14
NzcyMjI4MzAwNzE3MzE2Njk5MA==,14
NDc5MDM0MDkxMTU2MDc5NTMwMw==,14
ODU2MTY0MTA3NTA5ODQ3OTg2NA==,14
LTc2MTcwMzczNzMxODQ3NzQ1NDM=,14
Mjc5ODAxNzkwNzg3NTU3ODAwMA==,14
LTM1NjIyMjIzNjA2NzA2MTIyNDk=,14
LTMxODY0NTUyNTkzNTkyMDcwOTE=,14
LTg3MDAxMDY2NzAyMjc0OTg1ODk=,14
MTg3OTA3NDQzNTYzMzE4NDUxMA==,14
LTI1ODc3OTg3ODAxODU2OTYzODI=,14
NjEyMjYzNjQ5NTk0Mzc5MjIyMA==,14
LTg3NTgyNDc4NTYzMzEzMDQwOTg=,14
MjM4Mzk0NjU5MDU2NjgyNjE5OA==,14
LTE3MTAzOTAzNjA3NDc3MTU0ODc=,14
MzMxMDQwMjI4MzQ1NzU1MTEzNw==,14
MTU4ODE1MzY5MzU0MTAxNTQyMg==,14
LTU2OTExNTUxNjM4MjQyMzY1NzY=,14
ODMxMTAxOTc0NDQwMTUyMzc2MQ==,14
LTcwNTQ1MTQyODQyMTg5NzU0OTk=,14
LTgyNzY3MzAwMzc0NTU0NTQ3NjM=,14
LTExMDcwOTIyODU3NzYyNzIzNQ==,14
LTIwNzg3MDM3MTgwODk2Njc0MzM=,14
LTY0MzE5NDM4MDQyOTQzNDQyODM=,14
NDU0MTYxMjUxNzYxNjgxMDE4MQ==,14
LTg5MTM3NTM2NDcwNjU1ODEzMjk=,14
LTg1MzQxNzUxMjgxMjcyODQzNzM=,14
MzgyMzYxOTUxNDMzMjkzMjAzMQ==,14
ODIzNjA3NTI1NTgwNTM3MTkwNQ==,14
LTgzNDcwNTcxOTA2NTIwMTIzMjE=,14
Njc0NDYxNTEwNDAwNTc2NDYwOQ==,14
MTMzMDEyMzAwOTg1OTUzMTQwNg==,14
LTEzMTg1MzY2MjI3MTYzMjIzOTc=,14
LTIwMDAwODgyNzI1ODI0NzM2NDY=,14
LTMyNjAzOTg2NDI1NTQ0ODUwNTU=,14
LTU4ODg4MTI5MTEzMzk5ODMwMDk=,14
LTM2NTMzMzI0MjM3NDcyODIwOTM=,14
MTU0NjkwNDExOTMxNjMzMjMz,14
MTQxMDk5OTg2NDU2MDU5MDg1MA==,14
NTExNDczMjc0NTMzMTQzNTczOQ==,14
MjgzMDI5MzExMDA2MjAyNTgwNQ==,14
Njc5MjQyMjkxOTM4MjYwMTczNw==,14
LTgxODY3MDk1NDEwOTg3MDgxMTU=,14
LTI1NDk5MDYwNjA0OTQ1NDExMzE=,14
MjQ2ODM1NTA3NDIwNjMyNjA4,14
LTg1MDY2NTI0NDA4MTQ1NDQ3OTA=,14
LTg0OTkwNTQxODEyODQ1Mzk3NzY=,14
NDI2NjEwMDI5NDcxMDk3MTc5NA==,14
MTg3MTM3NjkxOTkzNzk1ODAxMg==,14
MzA5ODg3Mjk2OTEzNTMzMTc0NA==,14
LTcwMzUxNzkwOTg1MjU4MjQ5NzQ=,14
LTg4MjI5MTI2MDUwMTYwNjY1MDM=,14
NzcxODE3Nzk0MzY0NDAyNDE5NA==,14
MTkzMzI0NjA0ODg2OTc3OTcwMg==,14
MjQ3NjY1NzgxNDE5NjIxODk5MA==,14
LTI1NjUzNjM2ODQ1OTE1NTk0NzE=,14
ODI3NzcyNTM3NDg3ODAwMDYxMg==,14
NjA0MTM4OTIwOTg2MDkxMTEzOQ==,14
MjgwODE3NTE2NDI0NDY2ODA4OQ==,14
LTc2NjA0NDIzMDA4MTk4NDY4Mjk=,14
LTU4NTAwOTQwODU5NjYxNDk0MDM=,14
ODc0MjU0MDA1MTM5MDE2MTc5Mg==,14
MjQ1MDU2ODE5MDE0OTA4MzEyNA==,14
NTQ4MTUyODI3NjM4OTQwNDc1Nw==,14
LTYyOTEzMjIzNTQ4OTk1Mjk3NDk=,14
NzYzMTM2NzM4OTQyNTg2MDI5Mw==,14
LTM0Njk3ODQxMTM4OTU4NjQ1MzI=,14
NzcyMzg1ODMwNDE2MTg0MDQzMw==,14
ODI4NTI3MDgyMzgwNjI3Mjc5Mg==,14
NDYwNDYyNzk1MjM3MjEwMjI2,14
MTgxNzQwNjEwNDYwODgyMjM0MA==,14
LTQ0ODE5NDk5MTEwNzYyOTg4MTU=,14
LTg1MDQxNjQ0MDc5OTY3MDAxMzg=,14
LTI0ODU5NjQ3NTUwNTE5OTcxMjQ=,14
MzIzNjEzMzMzOTg5MzU5MTQxMA==,14
OTAwNTc1NTE4MTc0NjIxNDcxMw==,14
LTgxMzMxNTY3MTY5OTc5MDc0NjA=,14
NzMwNzA1MjgzNjA1MjgwODk3Mg==,14
MzY4MTkxOTg1NTQ3MjI3Mjk0Ng==,14
LTQzNjM1NzI2NTEzNDIxMDQ2ODU=,14
LTQ5Mzg5MDY0MTYxNTM0MTAyNjE=,14
NTYzMjM1NDE3MDE5MzQ3OTgyMA==,14
LTY0NDQ2NzUxNjkzNzcwMjcyOTI=,14
LTM3NTQ2ODIwMDgzNzUwODczMDU=,14
LTcwNzMwNzA3Njg4Nzc2NDE2NTk=,14
LTI5OTgzMDQxNTY3OTA0NDEyMzA=,14
NTI0ODk2NDE3MTgyMjUwNTg4MQ==,14
NTQ0Nzc1MDkwNjc0OTg2MzQ5MQ==,14
LTE5MzEzMTgyMzI1MjE1MTk3Njk=,14
NjY0MzE4MTI4NDcyMDAwMDc4Mg==,14
LTUwOTk0NTA4NzkwOTg5NTI1MTg=,14
MjQ3MDA5NjY5NzIwMzMxNzg1Ng==,14
MTE4NDE0MzE4MTg1NjA0NTk3Ng==,14
LTExOTM0NzM5MTQwMDYzNzEzODI=,14
LTUzODc3Njk1NzcxMTkzNTc4OQ==,14
NzQ4OTY4NTY0MjUxMTA4OTI4,14
LTI3MzE2ODY4NTc0NzI2OTk2Mzc=,14
ODgwODM2NDM1MzMwNjkyNzU5NA==,14
LTY4NzgzNTU4NjkxNzIyODkxMDg=,14
LTI4NjQ5MTAwMDI3NDQzMjMyMw==,14
ODM2MDc4ODg4MjI1NjU3OTk2NQ==,14
NDIyMDg1NzE0NTM2NDIxOTY4Nw==,14
LTYwNDU4MDQ4MjEwNTM1MjIzMjM=,14
NTIzNjM4OTA3NTEwMTA1ODUwNA==,14
MTA1NDcyNjM0NjQwMzA1MTEyNA==,14
LTE5NDIzNzQ1ODkwNTIwNzAzNjk=,14
LTM2MzMxNDY2ODUyOTcyNzEwNDY=,14
LTg5NDE2OTYzNzY2OTE5Mzg1MTI=,14
MTg0MjQ5NTMyODkwODM4MDgzMQ==,14
MjM0Mjc1NzYwNDcwMTYwOTYzNA==,14
LTEzMTYxMTQ1MjU3OTU5Mjk4MjU=,14
LTY0NTE3ODk3NTkzMjI3NjM3ODU=,14
MTI3ODIzMzMwMjQwMTQ1NjY4Mw==,14
ODc4MTA3MDU5NTYyMTMwMzIzNQ==,14
LTQ4MjU3OTgwNTYwNTA2MTQ3MjI=,14
NzY3MTk5NTYyNzMxNjExMDA5NA==,14
MzY3NzcwMTAzODI1MzM1NzkyOA==,14
MjA4MDA4Nzk1NzkzNjc5MjM2OQ==,14
LTIxNzI4NzM0ODQwMTY3MzYzMjg=,14
LTgyNTQ3OTY4NDAwMzI2NzE4MTA=,14
NDI3MzQ2NDU4NjY4NjY4MDAyNQ==,14
LTM1MjEzMDM4NjMyMTAyMjAyODc=,14
Mjc4NDk1MTYyNjI1MTU2OTM5OA==,14
LTEzMTEzMjYyNjgwODY2NzMxNTU=,14
LTc2MjYyNjc0ODc2ODQwMzkwNTg=,14
NDAzMTc5NTI4MTUzNjg4MzY5,14
NzEwMjIxOTI4NzE4OTg3MzU3Mg==,14
LTQ3MDgwMTg5NjM1NzQwNTI3MzQ=,14
NDA2NjkyMTQ0MjEwNjU3Nzk0Nw==,14
ODkzMDk5NjEzODg2Njk5MjY3OA==,14
LTYyMDg4MzAwNDg5MzkwMDIwODQ=,14
NTQ1MDQ3MTc0NzY1MTY4NTEzOA==,14
LTY4NTM3ODczMjg3NDY1Mzg2OTU=,14
NTQyMDcyNDY4Mjk2MjEwODU5MQ==,14
NDk0MjQxMDEyMzI1NDcwMTg0Ng==,14
LTg0MjE3NjU2ODAwMTYyNDA2NDc=,14
NTU2MDI0MzUxOTYzNzczNDI5MQ==,14
NTE2MDkyMjQ5NDY4NzM1NTk1Mg==,14
LTM3MzM5NDQyNDUzNTMxODIyNTU=,14
ODM1NzkzNTQ5NTQ0MDExNTE4Mg==,14
LTcxMzIwMDY2OTM1MDM0OTgwMDI=,14
LTQ1OTE1ODIzNjcwNDE4NjAzNDM=,14
NTcyMTgwOTU4NjUxMjE2NTIwMA==,14
LTUxMTQ5Mjg2OTQyNjgyMTc1NzA=,14
NDA2NjM0NDg5MDc3NzM3NjQ5OA==,14
LTEwMzgyODQzNTYwMjM5NDY3NzI=,14
LTQzOTI1MDQ1OTQ3NzUyMjQ4Mg==,14
LTIwMTA2OTMzMjU2MzMyNzExMDA=,14
